1,-1,208.3,182.3,116.7,153.7,0.5280
1,-1,114.2,6.5,334.1,390.7,0.1146
2,-1,208.9,181.7,119.0,155.1,0.5433
2,-1,109.4,5.7,342.1,392.1,0.1190
3,-1,210.5,182.1,120.2,156.1,0.5394
3,-1,105.7,5.5,347.8,392.9,0.1164
4,-1,212.3,186.6,119.2,150.6,0.5844
4,-1,105.1,5.6,347.6,393.3,0.1057
5,-1,213.9,191.8,117.9,146.5,0.5724
6,-1,216.2,197.2,115.8,141.6,0.4974
7,-1,213.5,186.4,126.9,161.3,0.4202
8,-1,216.5,190.8,124.7,158.1,0.5035
9,-1,218.3,199.3,122.6,153.5,0.5463
9,-1,216.5,221.8,53.8,119.3,0.1088
10,-1,216.1,197.2,129.8,162.8,0.5120
10,-1,265.2,218.4,68.0,108.4,0.1035
11,-1,219.3,202.9,126.7,160.6,0.5511
12,-1,222.5,213.0,122.1,153.0,0.5092
13,-1,217.0,212.2,130.7,163.1,0.5213
14,-1,219.5,217.8,127.5,162.1,0.5000
15,-1,213.3,218.9,136.5,169.9,0.4862
15,-1,217.7,250.4,52.6,115.4,0.1036
16,-1,216.9,225.8,129.9,169.4,0.5080
16,-1,216.8,254.4,53.6,118.9,0.1039
17,-1,210.1,225.6,142.4,174.4,0.4507
18,-1,213.2,230.5,134.0,175.3,0.4659
18,-1,215.5,262.7,54.8,116.4,0.1212
19,-1,214.5,235.4,132.4,176.7,0.4425
19,-1,216.3,265.9,52.0,111.3,0.1219
19,-1,268.0,256.6,69.6,109.6,0.1036
20,-1,215.2,243.4,130.3,170.4,0.4202
21,-1,206.0,239.9,139.9,181.6,0.4082
22,-1,205.6,241.8,139.2,182.6,0.3886
23,-1,203.4,242.5,139.8,181.8,0.3394
23,-1,207.2,277.7,53.2,112.9,0.1222
24,-1,204.7,242.9,133.8,181.7,0.3300
24,-1,206.8,277.8,52.7,113.1,0.1193
25,-1,203.1,241.4,135.5,182.4,0.3386
25,-1,206.7,276.2,52.4,114.9,0.1255
25,-1,260.3,263.7,72.6,109.8,0.1119
26,-1,201.4,239.6,138.7,183.2,0.3174
26,-1,202.2,274.8,55.4,117.6,0.1436
26,-1,260.6,262.1,73.3,111.0,0.1207
27,-1,206.2,240.4,129.9,173.8,0.3070
27,-1,202.7,272.4,55.4,121.2,0.1319
28,-1,205.2,232.3,131.8,177.8,0.3060
28,-1,270.6,257.6,66.3,94.9,0.1633
28,-1,203.1,266.3,55.2,121.1,0.1423
28,-1,179.9,208.9,187.1,231.2,0.1221
29,-1,199.5,226.7,146.8,181.6,0.2796
29,-1,270.6,250.0,68.8,99.7,0.1584
29,-1,175.9,196.3,194.7,247.8,0.1310
29,-1,205.9,262.7,57.1,116.1,0.1281
30,-1,205.1,221.0,141.0,177.5,0.2821
30,-1,274.5,246.6,65.5,95.2,0.1588
30,-1,170.7,189.4,204.6,258.5,0.1219
30,-1,206.1,255.5,57.5,116.3,0.1176
31,-1,204.6,215.1,143.7,179.1,0.3441
31,-1,272.0,237.7,70.5,99.3,0.2765
31,-1,207.0,249.8,56.5,116.3,0.1504
32,-1,210.1,207.2,137.7,179.0,0.3196
32,-1,275.5,234.0,67.7,93.6,0.2660
32,-1,208.0,241.5,55.9,119.1,0.1271
32,-1,186.9,184.8,184.7,234.8,0.1172
33,-1,207.7,203.6,142.8,178.3,0.3579
33,-1,275.1,225.5,71.9,99.3,0.2774
33,-1,211.4,235.9,58.1,118.2,0.1154
33,-1,183.6,169.1,194.1,255.1,0.1066
34,-1,212.2,195.7,136.3,179.7,0.3021
34,-1,279.2,221.3,70.2,94.8,0.2838
34,-1,212.1,228.7,57.6,117.7,0.1526
35,-1,280.2,214.3,72.5,99.2,0.3040
35,-1,211.7,191.1,137.7,180.5,0.2945
35,-1,212.5,224.4,57.1,116.2,0.1744
36,-1,282.7,210.7,72.2,97.5,0.3817
36,-1,210.7,191.9,139.7,175.9,0.3129
36,-1,213.3,219.9,56.4,113.0,0.1814
36,-1,194.3,168.2,189.7,222.5,0.1013
37,-1,285.6,205.8,70.3,98.1,0.3415
37,-1,202.6,174.4,177.5,192.8,0.2213
37,-1,213.7,215.1,58.0,121.1,0.1199
38,-1,284.9,200.8,74.2,100.7,0.4915
38,-1,211.3,176.2,149.3,183.7,0.2120
38,-1,193.3,142.0,199.7,255.9,0.1293
38,-1,218.5,213.0,57.5,113.5,0.1012
39,-1,285.4,196.8,76.9,100.3,0.4680
39,-1,211.1,176.7,150.3,180.0,0.2216
39,-1,191.6,134.5,208.4,268.6,0.1219
40,-1,287.4,192.4,75.9,100.4,0.3861
40,-1,211.1,177.9,149.8,175.7,0.1687
40,-1,190.7,135.7,213.5,269.8,0.1168
40,-1,218.1,205.5,58.0,115.1,0.1083
41,-1,286.7,189.5,78.4,103.0,0.4173
41,-1,214.9,165.4,147.2,186.1,0.1540
41,-1,190.1,136.8,219.5,270.5,0.1179
42,-1,286.1,187.4,80.1,103.9,0.4448
42,-1,213.3,164.5,148.9,186.7,0.1477
42,-1,189.2,133.4,229.0,276.6,0.1068
43,-1,285.8,186.0,81.0,104.6,0.4526
43,-1,204.0,145.1,189.2,222.2,0.1577
43,-1,215.6,175.5,131.8,177.4,0.1115
44,-1,285.0,184.5,81.6,104.9,0.4760
44,-1,202.6,141.5,192.4,225.4,0.1773
44,-1,213.4,199.7,59.6,117.7,0.1069
44,-1,214.2,173.6,129.7,179.0,0.1002
45,-1,284.6,184.7,82.0,106.1,0.4692
45,-1,200.1,143.7,194.3,223.3,0.2051
45,-1,212.3,198.3,59.9,118.6,0.1489
45,-1,187.2,130.4,263.4,286.6,0.1071
46,-1,284.0,184.4,82.0,107.0,0.4680
46,-1,196.1,144.7,197.6,223.9,0.2391
46,-1,214.3,200.9,57.5,119.7,0.1327
46,-1,186.6,131.8,273.3,287.8,0.1191
46,-1,209.9,175.2,135.9,177.9,0.1146
47,-1,282.4,181.0,85.1,112.7,0.4961
47,-1,193.0,144.2,201.7,226.6,0.2501
47,-1,212.8,201.0,57.2,119.2,0.1656
47,-1,185.8,130.9,288.5,293.6,0.1191
48,-1,283.1,184.7,81.1,106.7,0.4953
48,-1,190.8,145.3,203.0,226.3,0.2511
48,-1,210.7,202.1,57.3,117.4,0.2015
48,-1,185.1,131.6,295.8,294.6,0.1208
49,-1,283.4,185.1,79.4,105.5,0.4996
49,-1,189.6,144.7,203.4,228.2,0.2544
49,-1,208.4,202.0,57.9,119.6,0.1846
49,-1,184.8,131.3,303.7,295.0,0.1284
50,-1,283.1,184.5,78.9,105.8,0.4902
50,-1,188.7,143.7,203.9,230.3,0.2593
50,-1,184.1,131.1,311.3,295.8,0.1416
50,-1,206.8,202.3,57.1,118.0,0.1001
51,-1,274.6,178.7,91.7,117.1,0.4775
51,-1,187.2,143.2,204.0,231.1,0.2638
51,-1,173.9,136.0,315.1,273.5,0.1672
51,-1,204.8,201.5,57.8,113.6,0.1266
52,-1,276.7,179.8,86.8,112.6,0.4576
52,-1,185.1,138.0,207.1,237.8,0.2670
52,-1,201.4,198.9,60.1,124.5,0.1888
52,-1,172.9,134.2,317.1,274.1,0.1758
53,-1,271.6,172.8,93.3,120.2,0.5379
53,-1,182.6,132.7,210.3,243.5,0.2622
53,-1,200.2,198.4,60.5,122.4,0.1614
53,-1,170.5,130.1,322.2,278.2,0.1571
54,-1,270.7,171.1,93.4,120.1,0.5459
54,-1,178.7,131.5,224.2,247.0,0.2675
54,-1,197.6,198.3,60.1,122.4,0.2100
54,-1,167.1,126.6,331.8,284.8,0.1452
55,-1,269.4,170.2,92.9,119.3,0.6227
55,-1,195.0,197.7,59.2,121.4,0.2901
55,-1,177.2,132.6,230.3,246.7,0.2586
56,-1,268.4,169.6,93.2,120.5,0.5936
56,-1,192.6,196.0,60.8,120.8,0.3069
56,-1,176.0,141.5,204.5,221.9,0.2509
56,-1,164.6,125.1,335.5,285.9,0.1252
57,-1,265.9,168.0,96.5,122.0,0.5838
57,-1,190.0,194.6,61.7,119.2,0.2367
57,-1,171.7,138.9,215.2,225.0,0.2258
58,-1,265.0,165.8,98.3,122.5,0.5623
58,-1,187.7,186.6,62.9,124.5,0.2620
58,-1,168.5,133.6,224.1,231.0,0.2416
59,-1,263.5,162.8,100.7,124.0,0.5358
59,-1,186.7,185.9,63.5,122.9,0.3299
59,-1,166.4,126.6,235.1,239.2,0.2416
60,-1,262.2,159.1,103.3,127.5,0.5549
60,-1,185.0,184.8,64.9,123.5,0.3569
60,-1,164.7,121.0,248.7,246.3,0.2622
61,-1,261.7,156.9,104.8,129.7,0.5734
61,-1,182.9,183.8,66.2,122.9,0.4344
61,-1,163.6,118.9,262.0,250.5,0.2702
62,-1,261.4,154.7,105.7,131.4,0.5708
62,-1,181.7,182.7,66.2,121.6,0.4856
62,-1,162.6,115.4,276.0,255.9,0.2238
62,-1,289.1,164.6,66.7,114.1,0.1211
63,-1,260.1,149.4,107.5,136.1,0.5932
63,-1,180.4,180.9,67.0,122.7,0.5116
63,-1,158.8,117.5,265.4,259.7,0.2138
63,-1,287.4,161.9,68.5,115.8,0.1635
64,-1,260.2,145.5,109.7,139.9,0.5745
64,-1,179.1,178.7,68.2,124.3,0.5005
64,-1,157.4,116.8,272.1,261.0,0.2178
64,-1,288.2,161.3,69.6,116.4,0.1809
65,-1,260.2,139.8,112.4,145.0,0.5184
65,-1,177.8,174.8,69.7,128.6,0.5088
65,-1,282.3,157.8,80.7,120.5,0.4072
65,-1,156.2,115.5,278.9,263.4,0.2380
66,-1,178.4,173.0,68.6,120.5,0.5227
66,-1,262.9,145.2,110.2,138.7,0.4979
66,-1,291.6,156.4,73.3,120.9,0.2829
66,-1,155.7,105.9,288.0,274.5,0.2050
67,-1,261.8,141.9,112.0,139.5,0.5592
67,-1,177.2,171.5,69.3,121.4,0.5091
67,-1,290.2,152.4,75.3,123.8,0.2605
67,-1,154.7,90.5,294.0,293.2,0.1856
68,-1,260.6,138.6,113.7,140.9,0.5692
68,-1,175.6,170.2,69.4,122.2,0.5291
68,-1,153.3,87.6,300.4,299.7,0.1869
68,-1,291.3,152.4,72.8,121.3,0.1611
69,-1,259.9,134.9,115.3,144.1,0.5539
69,-1,173.5,168.6,69.9,123.2,0.5408
69,-1,286.6,150.4,78.3,122.9,0.2796
69,-1,151.8,84.9,306.3,305.7,0.1912
70,-1,259.1,133.1,116.9,146.8,0.5415
70,-1,168.9,164.6,73.9,133.9,0.5186
70,-1,286.6,149.8,78.9,123.6,0.2787
70,-1,149.9,86.7,310.2,308.2,0.2179
71,-1,258.3,131.0,118.3,150.0,0.5416
71,-1,166.8,162.9,75.3,134.2,0.5382
71,-1,287.1,149.1,78.8,125.1,0.2691
71,-1,143.2,86.3,312.5,301.0,0.2059
72,-1,257.4,128.7,119.4,152.5,0.5375
72,-1,162.8,160.8,78.6,136.1,0.5298
72,-1,287.2,148.2,78.9,126.2,0.2617
72,-1,140.1,84.0,317.6,305.9,0.2140
73,-1,256.8,127.5,119.7,153.8,0.5270
73,-1,159.5,157.6,81.4,142.4,0.5254
73,-1,288.2,148.0,77.4,126.8,0.2522
73,-1,135.1,81.5,322.3,311.0,0.1842
74,-1,256.1,126.7,119.9,154.4,0.5260
74,-1,156.0,156.3,82.7,144.3,0.5128
74,-1,283.8,142.2,83.5,132.1,0.4603
74,-1,133.8,82.9,321.8,309.7,0.1644
75,-1,151.6,154.6,84.6,144.2,0.5808
75,-1,254.1,126.9,120.3,151.9,0.5006
75,-1,287.6,146.0,76.4,128.5,0.2622
75,-1,134.2,83.2,316.8,308.1,0.1344
76,-1,146.8,152.5,86.7,148.4,0.5942
76,-1,246.8,119.7,125.9,166.4,0.5069
76,-1,281.5,140.0,82.5,133.5,0.4344
76,-1,127.8,84.8,356.2,371.3,0.1298
77,-1,142.9,151.1,87.9,151.0,0.5238
77,-1,244.8,118.2,126.2,166.7,0.5027
77,-1,281.2,137.9,81.3,134.9,0.3944
77,-1,119.0,74.2,370.3,387.8,0.1099
78,-1,138.6,150.5,89.6,151.2,0.5252
78,-1,246.6,124.8,121.6,164.6,0.5018
78,-1,281.5,137.0,80.1,135.7,0.3479
79,-1,133.4,146.2,94.1,158.2,0.5505
79,-1,245.2,123.2,122.5,165.7,0.5245
79,-1,282.1,136.4,78.8,136.6,0.2775
80,-1,129.3,145.8,94.2,161.1,0.4956
80,-1,243.6,123.1,123.3,165.8,0.4804
80,-1,281.2,138.2,75.4,134.1,0.2426
81,-1,123.5,144.6,95.0,162.0,0.4774
81,-1,234.8,116.6,128.8,176.2,0.4457
81,-1,268.2,131.5,89.9,142.2,0.3775
82,-1,117.5,138.7,99.5,168.7,0.4757
82,-1,233.3,116.4,128.5,177.0,0.4530
82,-1,269.7,132.7,85.1,140.9,0.3810
83,-1,110.2,137.3,103.5,171.1,0.4769
83,-1,232.6,117.9,126.8,175.9,0.4519
83,-1,270.6,134.1,82.1,140.2,0.3375
84,-1,105.4,135.6,103.8,171.7,0.4600
84,-1,225.3,112.9,134.5,178.5,0.3835
84,-1,272.8,134.9,78.1,140.7,0.2523
85,-1,97.9,133.5,106.7,178.3,0.4227
85,-1,220.3,112.6,136.6,177.8,0.3766
85,-1,259.2,129.7,92.4,147.6,0.3188
86,-1,91.1,130.8,110.3,180.0,0.4156
86,-1,218.0,113.4,137.1,177.0,0.3574
86,-1,260.2,130.6,86.9,147.3,0.3116
87,-1,243.5,123.2,103.9,157.6,0.3586
87,-1,84.2,130.4,111.6,183.3,0.3530
87,-1,272.8,140.8,66.3,138.2,0.1169
88,-1,75.8,128.4,115.2,184.6,0.3566
88,-1,207.2,111.0,140.4,184.8,0.3295
88,-1,245.6,126.5,97.9,153.4,0.3158
89,-1,202.8,110.4,141.4,184.8,0.3372
89,-1,68.2,127.4,119.5,188.3,0.3350
89,-1,247.3,127.1,91.7,152.8,0.2577
90,-1,60.5,123.6,121.1,189.0,0.3173
90,-1,231.0,116.3,108.0,167.6,0.2983
90,-1,261.3,135.6,69.8,143.7,0.1673
91,-1,54.3,124.6,125.2,191.5,0.3155
91,-1,234.0,116.9,102.8,166.3,0.2963
91,-1,260.7,135.4,68.0,144.4,0.1414
92,-1,201.0,118.4,141.4,173.4,0.3041
92,-1,249.5,130.3,80.2,149.7,0.2853
92,-1,48.5,124.4,128.2,192.1,0.2807
93,-1,199.9,118.1,142.8,174.5,0.3095
93,-1,252.0,130.9,77.3,151.5,0.2778
93,-1,27.2,129.8,146.8,193.0,0.2758
94,-1,196.3,117.5,145.7,175.8,0.3487
94,-1,25.9,128.1,143.5,188.9,0.3416
94,-1,252.2,132.0,76.7,150.8,0.2767
95,-1,21.9,128.8,144.7,188.4,0.3831
95,-1,195.9,116.8,146.6,177.5,0.3542
95,-1,251.9,131.4,77.8,152.6,0.3049
96,-1,18.6,130.2,146.3,188.5,0.4479
96,-1,196.2,115.8,147.2,178.3,0.3624
96,-1,252.3,130.4,79.1,154.3,0.2803
97,-1,17.5,129.5,147.2,188.8,0.4761
97,-1,199.9,116.7,145.5,179.3,0.3465
97,-1,253.0,130.4,82.1,155.6,0.3124
98,-1,17.0,131.1,148.4,189.3,0.5010
98,-1,202.8,116.0,146.2,181.1,0.3418
98,-1,253.4,130.5,86.8,158.4,0.2629
99,-1,16.5,131.4,150.6,190.9,0.5171
99,-1,263.2,135.9,77.1,152.9,0.3234
99,-1,207.0,114.7,146.6,183.8,0.3097
100,-1,16.3,130.7,152.7,192.4,0.5201
100,-1,209.9,113.1,148.1,187.2,0.3366
100,-1,265.0,133.3,79.9,158.4,0.2967
101,-1,16.0,131.8,154.5,193.3,0.5219
101,-1,211.7,112.2,149.9,189.3,0.3473
101,-1,265.7,131.0,87.8,163.1,0.1982
102,-1,16.8,134.2,156.1,192.0,0.5166
102,-1,209.5,113.0,156.2,191.0,0.3800
102,-1,274.9,136.0,78.3,156.8,0.2863
103,-1,18.1,131.7,158.9,195.1,0.5190
103,-1,213.5,113.0,156.5,191.1,0.3736
103,-1,277.7,134.3,81.7,161.6,0.2331
104,-1,18.8,136.2,160.8,196.4,0.5317
104,-1,217.7,111.1,157.9,194.0,0.3662
104,-1,286.7,135.7,76.4,161.6,0.1906
105,-1,25.0,137.7,157.6,200.3,0.5466
105,-1,223.7,108.7,158.8,198.0,0.3399
105,-1,288.6,136.6,77.9,163.8,0.2145
106,-1,26.4,139.8,157.4,198.9,0.5708
106,-1,230.2,106.2,159.6,205.3,0.3272
106,-1,291.8,134.5,83.6,168.7,0.1721
107,-1,28.8,138.3,157.6,197.8,0.5853
107,-1,234.2,109.7,161.2,203.9,0.3223
107,-1,299.6,137.7,81.3,169.0,0.1725
108,-1,29.1,133.4,161.1,202.0,0.5781
108,-1,238.0,110.1,166.6,213.8,0.3214
108,-1,302.3,138.1,90.6,173.6,0.1295
108,-1,322.3,149.9,61.2,99.2,0.1052
109,-1,29.6,136.9,163.1,202.8,0.5718
109,-1,241.8,107.2,168.8,214.3,0.3084
109,-1,310.6,140.1,84.0,177.0,0.1180
110,-1,30.8,140.1,164.7,203.0,0.5697
110,-1,245.9,105.2,170.6,216.0,0.3048
110,-1,328.5,147.0,67.2,98.8,0.1153
111,-1,30.9,143.1,166.8,209.9,0.5678
111,-1,247.0,101.6,174.5,216.8,0.2708
111,-1,335.0,142.0,64.6,98.6,0.1669
112,-1,29.1,148.2,171.8,208.1,0.5719
112,-1,248.5,100.7,177.0,229.8,0.2682
112,-1,336.2,142.5,69.6,98.4,0.1049
113,-1,28.3,147.5,173.9,209.1,0.5686
113,-1,253.0,99.2,185.0,239.3,0.1995
113,-1,344.7,148.7,67.5,96.7,0.1069
114,-1,27.3,146.8,176.2,211.6,0.5667
114,-1,267.2,107.2,171.5,219.3,0.2507
114,-1,348.5,149.9,70.1,99.7,0.1667
114,-1,233.6,37.6,218.6,339.2,0.1171
114,-1,309.4,119.1,122.8,177.9,0.1165
115,-1,26.7,148.3,177.9,216.9,0.5701
115,-1,266.6,106.2,183.3,239.0,0.2588
115,-1,352.1,154.0,74.7,98.5,0.1423
116,-1,25.5,149.2,180.1,221.2,0.5816
116,-1,267.4,105.0,191.9,248.9,0.2834
116,-1,356.7,155.2,75.8,102.0,0.1322
117,-1,25.1,150.4,181.3,225.8,0.5885
117,-1,269.8,102.5,202.1,251.9,0.2788
117,-1,360.8,158.7,79.6,98.5,0.1985
118,-1,24.8,151.8,182.1,228.6,0.5847
118,-1,270.5,101.2,209.7,260.9,0.2844
118,-1,364.2,159.0,85.3,101.7,0.1347
119,-1,23.6,153.2,184.0,235.4,0.5682
119,-1,269.5,98.7,215.4,263.9,0.3016
119,-1,372.1,160.0,84.1,97.8,0.1388
119,-1,360.8,149.7,105.8,153.6,0.1052
120,-1,23.0,154.0,184.8,238.3,0.5528
120,-1,262.0,94.1,230.8,288.0,0.3347
120,-1,374.6,159.8,87.9,102.1,0.1508
121,-1,21.7,156.4,186.3,240.3,0.5465
121,-1,288.4,103.6,212.1,253.7,0.3356
121,-1,248.9,82.9,257.3,351.2,0.1914
121,-1,372.9,155.8,103.9,127.1,0.1387
122,-1,20.8,158.1,189.3,243.3,0.5498
122,-1,288.9,100.5,215.6,257.7,0.3750
122,-1,248.9,77.4,260.5,371.7,0.2103
122,-1,372.9,150.2,110.0,132.7,0.1799
123,-1,19.4,156.0,191.9,246.9,0.5428
123,-1,288.0,99.6,219.0,270.5,0.4069
123,-1,249.8,75.2,260.7,381.0,0.2477
123,-1,389.5,160.0,93.7,99.9,0.1851
123,-1,431.8,182.0,46.3,43.3,0.1412
124,-1,9.9,149.8,202.6,257.6,0.5309
124,-1,289.3,99.7,218.4,273.0,0.4090
124,-1,388.3,156.2,103.4,114.9,0.3361
124,-1,250.2,65.7,261.1,397.6,0.2339
124,-1,437.0,186.4,46.8,42.4,0.1810
125,-1,9.4,148.4,204.7,258.4,0.5420
125,-1,304.8,101.7,206.8,260.1,0.4261
125,-1,442.3,188.6,47.0,42.7,0.3982
125,-1,394.8,159.5,102.0,110.3,0.3025
125,-1,251.0,56.6,261.0,405.8,0.2474
126,-1,9.3,147.7,206.4,258.3,0.5553
126,-1,299.8,99.8,212.2,279.5,0.4773
126,-1,447.1,190.4,48.0,42.7,0.3837
126,-1,403.7,165.8,102.7,101.4,0.3545
126,-1,251.5,51.1,260.5,416.6,0.2211
127,-1,8.5,148.2,207.8,256.0,0.5773
127,-1,295.0,98.0,217.0,292.0,0.4036
127,-1,450.2,191.1,49.2,42.1,0.4010
127,-1,402.5,163.3,109.2,104.9,0.3174
127,-1,252.0,48.3,259.8,422.1,0.1772
128,-1,6.2,147.3,212.2,251.9,0.5867
128,-1,407.7,166.4,104.3,108.7,0.4237
128,-1,455.0,196.8,44.8,40.4,0.3644
128,-1,297.7,98.8,214.3,292.1,0.2010
128,-1,252.4,51.6,259.2,418.4,0.1519
129,-1,0.7,149.1,220.0,251.0,0.6053
129,-1,455.7,198.8,46.2,40.2,0.4226
129,-1,407.0,166.7,105.0,111.7,0.4118
129,-1,298.1,99.3,213.9,288.7,0.1750
129,-1,252.2,49.1,259.4,424.1,0.1223
130,-1,0.0,148.0,220.4,251.4,0.6126
130,-1,408.4,169.7,103.6,111.9,0.4578
130,-1,456.2,199.5,49.8,44.0,0.4160
130,-1,298.3,99.3,213.7,291.1,0.2195
130,-1,252.2,45.9,259.2,428.1,0.1054
131,-1,0.0,147.3,219.6,255.5,0.5947
131,-1,458.3,199.8,51.3,44.4,0.4418
131,-1,407.6,170.0,104.4,112.0,0.4074
131,-1,298.2,97.9,213.8,295.6,0.2209
131,-1,251.9,42.2,259.7,430.8,0.1014
132,-1,0.0,143.6,218.8,259.4,0.6104
132,-1,459.8,202.3,48.7,42.5,0.4154
132,-1,410.5,172.1,101.5,110.7,0.3620
132,-1,298.4,96.8,213.6,300.5,0.1864
133,-1,0.0,140.8,217.0,260.5,0.6160
133,-1,460.5,201.2,50.4,42.7,0.4376
133,-1,409.6,168.1,102.4,114.9,0.3375
133,-1,298.2,93.7,213.8,304.9,0.1562
133,-1,251.2,34.5,260.8,436.7,0.1029
134,-1,0.0,132.5,215.9,271.0,0.6108
134,-1,461.7,200.0,49.2,41.2,0.4404
134,-1,410.2,166.2,101.8,117.0,0.3792
134,-1,285.3,64.4,226.7,340.3,0.1370
135,-1,0.0,128.6,216.5,275.4,0.6050
135,-1,462.3,194.7,49.4,42.4,0.3070
135,-1,414.1,163.4,97.9,113.1,0.3043
135,-1,304.4,73.0,207.6,325.0,0.1705
136,-1,0.0,123.1,218.1,281.1,0.5721
136,-1,417.8,158.3,94.2,116.2,0.3836
136,-1,464.8,189.3,46.8,46.5,0.3175
136,-1,310.2,66.6,201.8,329.4,0.1566
137,-1,0.0,117.9,219.2,288.5,0.5053
137,-1,420.3,151.7,91.7,120.5,0.3945
137,-1,467.2,185.0,44.8,45.1,0.3380
137,-1,284.5,32.6,227.5,350.6,0.1071
137,-1,350.5,81.1,161.5,279.7,0.1006
138,-1,0.0,109.8,220.6,298.7,0.4325
138,-1,419.2,145.6,92.7,126.4,0.3306
138,-1,470.7,180.5,40.9,46.8,0.2431
138,-1,445.4,161.2,66.0,102.1,0.1492
138,-1,354.9,82.7,157.1,262.5,0.1099
138,-1,283.6,28.4,228.4,355.8,0.1063
139,-1,428.7,150.4,83.3,119.6,0.3293
139,-1,0.0,82.2,223.6,332.9,0.3194
139,-1,368.6,108.7,143.3,188.5,0.1335
139,-1,451.7,158.8,60.3,98.9,0.1092
139,-1,259.0,29.0,253.0,435.6,0.1082
140,-1,428.6,142.8,83.4,123.1,0.4032
140,-1,0.0,42.8,226.7,370.5,0.3218
140,-1,452.1,155.9,59.9,99.3,0.1680
140,-1,371.5,104.7,140.5,183.6,0.1666
140,-1,281.0,41.0,231.0,364.1,0.1147
141,-1,434.0,140.9,77.8,118.3,0.4484
141,-1,0.0,37.5,229.6,372.0,0.3150
141,-1,374.5,103.5,137.5,180.5,0.1591
141,-1,281.5,39.4,230.5,366.6,0.1323
141,-1,458.0,149.4,54.0,97.1,0.1106
142,-1,438.1,140.0,73.6,118.0,0.3830
142,-1,0.0,29.1,228.4,388.7,0.2886
142,-1,377.7,102.0,134.3,180.5,0.1537
142,-1,282.1,36.9,229.9,371.0,0.1392
143,-1,445.6,145.9,65.9,109.7,0.3522
143,-1,0.0,26.0,232.5,381.4,0.2660
143,-1,380.9,100.2,131.1,179.9,0.1459
143,-1,281.7,34.9,230.3,373.6,0.1434
144,-1,449.8,147.2,62.2,108.2,0.3406
144,-1,0.0,24.4,233.2,384.2,0.2793
144,-1,281.5,32.9,230.5,374.8,0.1492
144,-1,385.8,97.0,126.2,183.8,0.1334
145,-1,0.0,11.3,239.3,377.2,0.2776
145,-1,456.8,149.3,55.2,107.6,0.2459
145,-1,264.9,13.0,247.1,366.6,0.2112
145,-1,411.1,116.6,100.9,172.3,0.1194
146,-1,272.8,14.0,237.2,359.4,0.3298
146,-1,0.0,9.8,244.7,382.0,0.2775
146,-1,464.9,145.1,47.1,110.3,0.1287
147,-1,287.2,16.4,224.8,346.8,0.3867
147,-1,0.0,7.9,253.0,387.0,0.2993
148,-1,293.7,13.3,217.2,315.6,0.4889
148,-1,0.0,2.4,272.9,360.1,0.2843
148,-1,0.6,131.8,68.1,160.7,0.1125
149,-1,306.9,14.1,202.1,307.6,0.4835
149,-1,0.0,2.3,287.7,363.3,0.2450
149,-1,0.0,128.0,85.6,160.4,0.1791
150,-1,320.9,17.7,186.6,297.8,0.4568
150,-1,1.9,130.5,92.2,146.6,0.1901
150,-1,0.0,1.9,310.3,369.0,0.1186
151,-1,335.0,24.9,177.0,286.2,0.4135
151,-1,0.0,126.2,105.7,150.7,0.2297
151,-1,0.2,97.9,132.7,199.2,0.1664
151,-1,0.0,0.0,350.8,373.2,0.1022
152,-1,349.7,28.4,162.3,278.6,0.3069
152,-1,0.1,127.2,116.5,145.0,0.2114
152,-1,0.2,96.5,139.1,202.6,0.1017
153,-1,0.0,130.2,131.9,144.7,0.1986
153,-1,5.5,141.7,89.7,113.7,0.1850
154,-1,17.5,146.3,64.5,94.0,0.3138
154,-1,16.7,140.6,105.4,127.2,0.1599
154,-1,5.5,126.2,144.0,160.4,0.1033
155,-1,30.2,141.5,67.5,94.1,0.3789
155,-1,30.5,139.2,94.8,115.6,0.1665
156,-1,48.0,140.5,61.4,93.4,0.3827
156,-1,45.3,137.7,90.3,115.5,0.1513
157,-1,59.3,139.8,62.8,93.2,0.3089
157,-1,57.2,136.6,91.7,117.1,0.1199
158,-1,71.3,139.5,72.3,99.1,0.2946
159,-1,79.6,136.5,67.5,92.9,0.2621
160,-1,89.6,136.2,69.2,94.3,0.3312
161,-1,101.5,135.3,69.4,94.7,0.3491
162,-1,113.6,138.0,73.6,99.8,0.3609
163,-1,118.8,140.4,70.9,98.2,0.2764
164,-1,123.0,141.0,68.3,98.5,0.2978
165,-1,123.7,141.9,67.6,97.9,0.3130
166,-1,123.2,143.1,65.5,97.2,0.3391
167,-1,118.6,143.3,70.0,100.8,0.3796
168,-1,116.2,145.7,70.2,103.1,0.3930
169,-1,110.3,148.4,73.2,103.7,0.2855
170,-1,103.8,150.0,74.8,104.3,0.2922
171,-1,99.7,153.9,73.3,103.4,0.3853
172,-1,91.1,153.5,79.6,111.3,0.2974
173,-1,87.4,156.6,73.1,106.9,0.3733
174,-1,79.6,157.0,80.9,110.7,0.2484
175,-1,72.9,156.4,85.3,121.2,0.3290
176,-1,70.6,167.7,78.3,111.2,0.2746
177,-1,60.1,165.6,92.5,125.7,0.2150
178,-1,57.5,166.3,92.4,126.2,0.2088
179,-1,53.4,168.1,101.5,140.5,0.1857
180,-1,48.7,163.7,115.3,150.4,0.2145
181,-1,47.5,164.3,129.5,157.1,0.1464
181,-1,51.6,203.5,49.2,70.3,0.1462
182,-1,55.2,200.5,52.7,75.9,0.1822
182,-1,41.0,167.0,136.1,160.4,0.1318
183,-1,56.6,202.1,53.0,78.0,0.1828
184,-1,60.5,203.3,56.8,81.4,0.1962
185,-1,60.9,204.5,60.5,84.0,0.2797
185,-1,47.1,174.7,147.0,164.5,0.1293
186,-1,61.9,207.4,63.8,83.6,0.2307
187,-1,68.5,208.6,64.0,81.4,0.2402
188,-1,75.6,209.7,61.2,81.9,0.3120
189,-1,78.5,207.3,71.2,92.7,0.3134
190,-1,84.7,208.4,71.5,91.4,0.3105
191,-1,88.2,207.3,73.2,90.1,0.4991
192,-1,96.0,204.0,71.4,92.8,0.3963
193,-1,99.7,203.8,74.9,92.1,0.5290
194,-1,105.8,202.7,74.7,93.2,0.5856
195,-1,111.0,201.4,76.9,92.9,0.5628
196,-1,117.2,199.8,75.9,92.7,0.6243
197,-1,122.9,195.0,75.8,94.8,0.7388
197,-1,75.2,126.8,260.6,300.0,0.1603
198,-1,127.5,190.2,77.1,96.3,0.7068
198,-1,91.6,132.7,256.4,299.7,0.1908
199,-1,129.7,186.6,80.0,96.2,0.7409
199,-1,91.4,126.4,266.1,310.0,0.2120
200,-1,132.5,182.8,81.8,98.8,0.7194
200,-1,91.5,121.8,272.1,319.2,0.2418
201,-1,135.4,179.6,82.6,98.7,0.6927
201,-1,92.8,117.2,279.3,330.7,0.2165
202,-1,137.0,176.2,84.7,100.7,0.7685
202,-1,92.3,104.8,304.1,352.3,0.1945
203,-1,138.5,172.9,87.3,102.0,0.7796
203,-1,93.7,104.6,320.6,357.0,0.2041
204,-1,139.8,166.6,91.0,105.5,0.7316
204,-1,95.6,93.8,329.9,371.3,0.2035
205,-1,140.0,164.4,91.9,105.5,0.7079
205,-1,96.2,90.1,336.0,382.3,0.1787
206,-1,139.2,160.5,94.8,108.2,0.7247
206,-1,95.0,78.1,340.6,417.6,0.1659
207,-1,138.4,154.1,99.6,114.9,0.7213
207,-1,94.5,87.6,281.9,373.2,0.1531
208,-1,139.0,149.3,98.7,118.9,0.7336
208,-1,95.4,91.7,280.1,337.8,0.1916
208,-1,105.1,59.1,351.9,442.5,0.1106
209,-1,135.8,147.7,103.3,121.3,0.7444
209,-1,95.2,92.5,278.2,326.7,0.1986
210,-1,134.3,146.6,105.7,122.6,0.7376
210,-1,95.3,95.3,274.5,313.1,0.2141
211,-1,131.5,145.5,109.4,125.8,0.7006
211,-1,96.3,98.0,273.7,317.6,0.2592
212,-1,126.9,143.5,116.7,130.2,0.7156
212,-1,95.5,100.0,275.5,326.0,0.2698
213,-1,123.3,142.8,118.6,133.2,0.7444
213,-1,90.5,76.9,338.8,378.0,0.2846
214,-1,119.9,142.9,120.9,137.0,0.7110
214,-1,87.6,71.2,342.8,395.7,0.3221
215,-1,116.7,142.5,124.1,138.3,0.6895
215,-1,85.2,66.2,347.2,421.3,0.3044
216,-1,111.9,142.2,127.6,139.4,0.6366
216,-1,71.1,83.0,340.3,400.2,0.2727
217,-1,105.5,140.2,132.5,145.6,0.6065
217,-1,68.6,82.7,341.8,400.0,0.2836
218,-1,98.9,140.5,139.1,150.9,0.6032
218,-1,64.0,76.6,347.2,411.1,0.2681
219,-1,93.9,140.7,143.8,152.6,0.5878
219,-1,62.9,82.8,345.7,400.2,0.2880
220,-1,92.8,140.0,144.8,160.4,0.5430
220,-1,58.4,76.0,350.6,409.9,0.2264
221,-1,86.6,136.9,150.4,166.3,0.4944
221,-1,46.9,82.1,373.0,429.9,0.1774
222,-1,68.6,129.8,165.3,190.2,0.5120
223,-1,66.2,129.0,167.5,194.0,0.5220
223,-1,35.2,75.8,354.6,417.2,0.1075
224,-1,63.2,127.8,171.2,197.9,0.5460
224,-1,76.5,198.9,89.3,106.8,0.1365
225,-1,61.7,126.5,173.4,200.8,0.5538
225,-1,74.5,193.4,91.8,113.4,0.1502
226,-1,60.5,126.2,175.7,201.0,0.5742
226,-1,73.1,185.6,93.5,121.6,0.1635
227,-1,59.3,122.7,180.7,206.9,0.5840
227,-1,72.1,172.2,94.6,135.7,0.1342
228,-1,57.6,120.8,185.9,212.6,0.6009
228,-1,71.0,180.2,94.4,127.8,0.1292
229,-1,56.5,119.6,190.3,214.1,0.6067
229,-1,69.8,145.7,129.3,164.9,0.1269
229,-1,70.4,186.0,94.7,122.3,0.1157
230,-1,55.0,114.2,197.4,220.2,0.6070
231,-1,53.2,103.3,205.7,231.5,0.5921
232,-1,55.1,99.9,205.3,238.6,0.5816
233,-1,54.3,93.4,215.5,241.4,0.5825
234,-1,66.7,89.6,206.6,237.4,0.5827
235,-1,67.4,77.2,214.9,249.5,0.6060
235,-1,86.3,98.1,82.8,96.5,0.2291
236,-1,67.9,69.9,223.4,254.0,0.6187
236,-1,88.6,94.7,84.3,93.6,0.3245
237,-1,68.0,69.6,231.4,253.5,0.6073
237,-1,89.9,87.9,87.4,100.9,0.2189
238,-1,68.5,68.5,239.1,257.2,0.5348
238,-1,90.8,81.2,96.4,106.4,0.2473
238,-1,97.3,86.6,64.3,84.8,0.1791
239,-1,69.4,65.2,246.7,267.9,0.4878
239,-1,95.1,77.0,74.2,100.9,0.2499
240,-1,73.8,68.5,238.2,262.8,0.4026
240,-1,100.7,76.6,69.1,102.8,0.2606
240,-1,99.2,75.8,98.3,124.3,0.1557
241,-1,87.7,58.3,240.0,274.6,0.3026
241,-1,104.7,71.8,72.8,104.2,0.2009
242,-1,108.2,69.8,73.3,103.1,0.2969
242,-1,88.7,50.4,244.6,285.4,0.2681
243,-1,113.6,69.1,73.7,102.5,0.3200
243,-1,83.9,46.3,267.7,302.4,0.2372
243,-1,110.9,66.3,104.2,125.5,0.1691
244,-1,116.9,67.0,71.6,100.8,0.2877
244,-1,82.4,41.6,278.2,311.9,0.2062
244,-1,112.7,64.3,99.9,124.4,0.1207
245,-1,118.7,66.7,72.8,94.7,0.2755
245,-1,110.2,56.3,112.7,142.7,0.1714
245,-1,78.5,37.1,296.9,322.2,0.1282
246,-1,121.3,66.8,72.6,98.1,0.2749
246,-1,110.6,53.6,115.0,144.4,0.2096
247,-1,111.4,56.4,112.3,139.1,0.2321
247,-1,124.8,67.4,65.4,104.3,0.1970
248,-1,111.7,54.2,114.0,141.9,0.2693
248,-1,125.0,63.8,66.8,90.0,0.2133
249,-1,113.3,53.2,112.5,143.2,0.2494
249,-1,130.3,70.0,60.3,70.1,0.2331
249,-1,127.4,67.0,68.5,104.8,0.2240
250,-1,128.3,63.8,65.7,87.6,0.2457
250,-1,114.0,54.2,113.3,149.7,0.2259
250,-1,122.3,65.0,83.0,122.1,0.1526
251,-1,120.7,64.4,89.9,126.0,0.2783
251,-1,128.5,64.6,68.0,82.8,0.2447
251,-1,111.5,47.1,119.2,168.9,0.1084
252,-1,113.9,52.4,114.9,157.1,0.2969
252,-1,127.6,65.7,70.2,76.9,0.2136
252,-1,124.8,69.5,79.0,116.1,0.1249
253,-1,114.6,50.7,112.7,148.8,0.3817
253,-1,131.7,72.9,66.4,70.5,0.2444
253,-1,128.3,69.8,75.0,110.2,0.1238
254,-1,113.9,48.7,115.5,149.7,0.3844
254,-1,131.6,73.0,69.3,70.9,0.2037
254,-1,128.8,69.7,76.7,110.0,0.1163
255,-1,111.5,50.4,115.4,149.5,0.4724
255,-1,125.0,72.1,76.7,102.2,0.1286
256,-1,109.5,53.6,118.3,156.3,0.4024
256,-1,122.8,71.7,79.5,99.7,0.2050
256,-1,85.4,39.2,160.5,192.0,0.1533
257,-1,108.6,58.0,118.7,151.3,0.4247
257,-1,377.0,353.5,61.0,71.0,0.1823
257,-1,122.2,72.3,81.5,98.6,0.1541
258,-1,107.3,55.4,122.2,151.4,0.4509
258,-1,121.6,71.3,83.6,95.6,0.2929
258,-1,404.8,362.5,41.2,61.8,0.2032
258,-1,386.9,353.3,62.3,83.8,0.1077
259,-1,101.9,46.6,130.5,165.6,0.3564
259,-1,403.4,367.4,52.2,69.0,0.3187
259,-1,114.4,66.2,91.8,104.6,0.2866
259,-1,428.8,367.3,24.2,14.9,0.1872
260,-1,90.9,46.4,141.5,164.6,0.3939
260,-1,437.2,369.9,24.2,14.9,0.3330
260,-1,109.3,67.8,93.8,103.8,0.2584
260,-1,417.5,366.4,47.2,61.1,0.2223
261,-1,441.1,373.0,30.2,16.7,0.5090
261,-1,102.0,64.5,100.5,103.3,0.2951
261,-1,74.7,43.7,171.8,197.5,0.2877
262,-1,443.6,377.7,31.6,15.2,0.5419
262,-1,91.4,58.0,114.3,113.7,0.3976
262,-1,66.4,44.2,179.9,200.6,0.2812
263,-1,83.4,52.1,116.8,123.2,0.5105
263,-1,443.6,380.6,33.8,16.0,0.3327
263,-1,59.4,41.9,170.9,200.1,0.2065
264,-1,73.7,49.6,124.7,121.1,0.5444
264,-1,49.6,39.5,178.8,208.2,0.2633
264,-1,443.0,383.8,31.7,16.1,0.1387
265,-1,60.2,44.0,134.6,121.2,0.4781
265,-1,38.3,40.0,173.4,189.4,0.2536
265,-1,443.1,386.7,32.9,15.5,0.1684
266,-1,20.5,27.1,193.5,220.9,0.2888
266,-1,45.9,37.3,143.4,126.5,0.2261
267,-1,442.2,386.6,32.6,14.4,0.3162
267,-1,4.5,11.3,212.8,265.6,0.2788
267,-1,25.5,45.5,165.1,161.8,0.1529
267,-1,36.4,36.8,141.8,124.1,0.1365
268,-1,439.9,381.5,36.3,15.6,0.4996
268,-1,0.2,5.0,207.3,248.2,0.2788
268,-1,13.3,48.6,171.1,153.9,0.2338
268,-1,34.1,43.1,132.7,110.8,0.1230
269,-1,431.6,374.9,42.9,16.3,0.3339
269,-1,10.8,33.2,163.2,162.3,0.1526
269,-1,0.0,0.0,212.5,316.2,0.1447
270,-1,1.9,5.3,185.6,204.6,0.4150
270,-1,401.0,365.8,82.9,74.6,0.1746
270,-1,408.2,367.4,72.7,48.1,0.1431
270,-1,0.0,0.0,202.7,349.8,0.1044
270,-1,7.9,12.2,143.4,152.6,0.1004
271,-1,391.8,356.6,93.6,83.0,0.5321
271,-1,0.0,3.6,179.2,205.4,0.3945
272,-1,0.0,2.4,180.5,204.3,0.4037
272,-1,376.1,344.7,115.0,107.3,0.2603
273,-1,0.0,0.0,206.1,198.4,0.4671
273,-1,412.0,376.1,64.0,58.6,0.4121
273,-1,365.0,332.6,126.9,123.5,0.3746
274,-1,427.0,364.8,39.8,34.2,0.2893
274,-1,343.7,308.2,157.9,141.3,0.2647
274,-1,398.0,357.4,76.4,74.3,0.2473
274,-1,0.0,0.0,198.2,164.1,0.1628
275,-1,350.3,305.6,137.8,123.4,0.3207
275,-1,412.5,347.4,42.0,36.1,0.2536
275,-1,393.3,347.2,64.6,58.3,0.1278
276,-1,340.6,294.0,139.1,125.2,0.3203
276,-1,402.8,334.1,37.5,34.0,0.2580
277,-1,315.3,274.5,160.5,160.5,0.2858
277,-1,390.4,321.1,37.4,34.1,0.2531
277,-1,358.0,305.6,99.4,89.4,0.1406
278,-1,379.9,305.0,37.3,35.0,0.2416
278,-1,321.7,270.0,135.1,119.6,0.2168
278,-1,299.9,255.3,177.3,174.9,0.1734
278,-1,346.9,286.4,101.4,93.5,0.1028
279,-1,369.0,292.2,37.8,34.6,0.2110
279,-1,316.1,260.0,125.0,112.0,0.2030
280,-1,357.3,278.7,38.4,33.2,0.2409
280,-1,305.5,246.8,129.2,114.0,0.1858
280,-1,283.8,228.9,168.6,176.3,0.1078
281,-1,350.6,264.0,36.4,33.2,0.2483
281,-1,295.3,233.5,131.7,118.1,0.1875
282,-1,341.9,250.8,35.9,32.8,0.3702
282,-1,312.5,243.7,94.7,84.6,0.1249
283,-1,330.8,234.9,38.9,34.6,0.2977
283,-1,300.7,222.1,98.0,90.6,0.2190
283,-1,278.0,202.3,132.9,118.5,0.1939
284,-1,268.8,189.5,136.6,119.6,0.2868
284,-1,324.8,222.0,38.2,34.7,0.2841
284,-1,294.5,208.4,97.1,91.6,0.1458
285,-1,318.2,211.2,38.5,34.0,0.3057
285,-1,261.9,174.3,136.0,122.6,0.2479
285,-1,248.9,156.5,160.8,174.6,0.1258
285,-1,287.6,196.8,99.6,92.8,0.1226
286,-1,312.9,202.7,39.1,34.6,0.2725
286,-1,257.6,164.0,134.6,131.2,0.2629
287,-1,253.4,156.3,137.9,128.8,0.3859
287,-1,309.8,194.4,40.4,36.9,0.3182
287,-1,0.0,298.9,210.4,213.0,0.1025
288,-1,249.1,144.1,136.9,138.7,0.4129
288,-1,304.8,187.3,40.2,35.8,0.2688
288,-1,273.9,162.4,101.8,106.1,0.1241
288,-1,0.0,299.6,211.9,212.3,0.1202
289,-1,300.8,182.0,42.9,36.7,0.4172
289,-1,244.8,135.6,139.8,145.6,0.1419
290,-1,298.2,175.7,40.4,36.8,0.3430
290,-1,240.9,128.6,147.4,150.5,0.1407
291,-1,294.7,172.4,43.4,36.6,0.3220
291,-1,223.7,121.4,159.2,160.4,0.1286
291,-1,263.8,166.0,103.7,89.7,0.1044
292,-1,292.3,169.7,40.0,36.5,0.3780
292,-1,218.1,117.7,161.9,152.6,0.2288
293,-1,288.9,168.7,43.6,37.4,0.4552
293,-1,217.2,111.3,162.2,156.4,0.1522
294,-1,285.6,167.1,41.7,37.7,0.3771
294,-1,211.2,105.5,166.0,171.2,0.2158
295,-1,279.7,165.8,45.1,39.8,0.3993
295,-1,206.8,103.9,170.5,173.6,0.1443
295,-1,247.2,155.0,113.3,99.1,0.1107
296,-1,279.1,167.7,41.5,38.0,0.4318
296,-1,238.1,105.7,43.9,17.5,0.1391
296,-1,205.8,102.9,170.5,161.5,0.1243
297,-1,233.3,102.9,41.6,19.3,0.6463
297,-1,274.3,168.7,43.1,38.2,0.4373
298,-1,228.1,101.9,43.0,21.1,0.7109
298,-1,270.9,170.6,43.1,40.3,0.4038
298,-1,232.9,146.0,124.0,115.2,0.1462
299,-1,219.0,100.8,47.1,25.8,0.7335
299,-1,267.2,174.4,41.8,39.0,0.4076
300,-1,214.7,101.5,46.9,28.5,0.7573
300,-1,262.8,177.9,44.7,40.9,0.3987
301,-1,210.5,101.8,45.9,31.4,0.7201
301,-1,259.7,182.5,47.0,42.7,0.3482
301,-1,220.5,151.9,134.2,122.5,0.1128
302,-1,207.8,102.7,46.6,33.3,0.7043
302,-1,257.3,187.8,45.5,42.8,0.4274
303,-1,202.9,104.0,50.7,35.5,0.7231
303,-1,253.9,193.8,47.5,42.1,0.4017
304,-1,201.2,105.2,51.5,37.1,0.7469
304,-1,254.9,200.1,44.9,40.6,0.3801
305,-1,198.3,105.7,51.9,39.5,0.6517
305,-1,250.5,204.9,46.4,41.3,0.4061
306,-1,192.9,107.4,53.2,42.5,0.6449
306,-1,248.4,210.7,46.4,42.2,0.3238
307,-1,189.7,110.1,55.1,44.6,0.7333
307,-1,247.6,217.2,45.6,41.9,0.4289
308,-1,184.8,111.7,55.5,46.5,0.7490
308,-1,245.7,223.4,45.4,42.6,0.4018
309,-1,180.9,113.3,58.4,49.5,0.7662
309,-1,243.0,229.1,45.2,43.7,0.4277
310,-1,178.4,114.2,62.1,51.2,0.7730
310,-1,238.4,233.9,49.8,45.7,0.4082
311,-1,175.7,115.5,66.0,53.2,0.7553
311,-1,238.2,239.5,49.0,45.5,0.5123
312,-1,169.2,114.4,69.0,56.8,0.7362
312,-1,237.2,244.7,49.3,46.0,0.5071
313,-1,163.7,114.3,69.8,57.6,0.7397
313,-1,237.6,248.5,48.7,47.0,0.4720
314,-1,160.2,113.1,71.5,59.6,0.7158
314,-1,235.1,252.3,48.6,47.0,0.5840
315,-1,155.1,112.2,72.5,62.1,0.7264
315,-1,233.4,256.3,50.2,47.4,0.5505
316,-1,154.4,107.7,74.2,67.1,0.8060
316,-1,234.1,258.1,49.8,49.4,0.6131
317,-1,149.2,103.7,78.8,71.2,0.7389
317,-1,234.7,260.5,48.6,49.4,0.5815
318,-1,144.9,101.6,80.8,74.8,0.7695
318,-1,233.5,263.0,51.5,50.0,0.5826
318,-1,138.4,199.9,264.7,222.5,0.1167
319,-1,139.1,93.4,86.3,80.6,0.8289
319,-1,233.2,264.1,52.6,51.1,0.6162
319,-1,291.0,405.5,33.7,18.8,0.5899
320,-1,132.2,90.5,88.8,81.0,0.8420
320,-1,293.6,410.1,36.7,24.6,0.6221
320,-1,233.2,264.9,51.6,51.7,0.6150
321,-1,121.5,81.8,101.0,88.2,0.7868
321,-1,294.6,413.2,40.4,31.0,0.7454
321,-1,229.4,263.7,58.0,54.3,0.5954
322,-1,116.2,77.5,104.0,89.8,0.7938
322,-1,296.1,418.4,41.0,33.7,0.7329
322,-1,229.9,263.8,58.9,55.4,0.6194
322,-1,92.4,61.7,154.9,116.7,0.1013
323,-1,106.8,68.7,113.3,94.5,0.8125
323,-1,231.6,263.0,60.1,56.7,0.6345
323,-1,299.6,420.4,43.3,37.1,0.6239
323,-1,92.4,53.3,153.3,123.8,0.1468
324,-1,102.9,65.7,116.6,96.3,0.8010
324,-1,303.1,430.5,44.5,37.0,0.6598
324,-1,235.4,266.1,57.4,57.9,0.5537
324,-1,84.8,46.2,161.6,128.9,0.1395
325,-1,103.1,63.2,124.9,103.2,0.7957
325,-1,308.6,443.2,46.8,40.2,0.6884
325,-1,237.1,269.0,63.5,62.9,0.5713
325,-1,83.6,41.0,165.0,136.8,0.1321
326,-1,101.6,64.7,132.4,107.3,0.8251
326,-1,313.6,458.7,50.7,41.0,0.6303
326,-1,243.1,279.7,65.1,64.0,0.6257
327,-1,104.5,71.0,132.9,107.0,0.8084
327,-1,248.6,291.9,67.2,65.4,0.6142
327,-1,316.0,480.4,52.5,18.8,0.2165
327,-1,88.3,39.3,169.0,146.4,0.1106
327,-1,310.4,474.1,97.2,35.7,0.1021
328,-1,104.3,74.8,138.2,111.1,0.8504
328,-1,257.4,304.5,67.2,67.0,0.4438
328,-1,90.4,48.7,178.3,148.8,0.1614
329,-1,105.9,80.4,139.2,111.8,0.8732
329,-1,265.8,314.6,68.8,73.1,0.3333
330,-1,105.9,85.1,149.7,117.0,0.8077
330,-1,274.7,330.4,71.8,75.2,0.3645
330,-1,278.2,334.9,48.8,55.9,0.1705
331,-1,109.4,89.6,153.9,121.4,0.8072
331,-1,285.2,347.5,76.5,78.1,0.3532
331,-1,289.8,351.2,49.7,56.9,0.1320
332,-1,113.0,95.9,162.2,121.8,0.8083
332,-1,299.1,366.2,75.1,82.3,0.3546
332,-1,301.4,369.1,49.9,51.0,0.1332
333,-1,309.0,384.4,78.3,85.6,0.5622
333,-1,110.1,98.5,173.9,123.6,0.4903
333,-1,311.7,387.0,48.9,40.5,0.1607
334,-1,313.6,402.6,84.9,85.5,0.6161
334,-1,107.5,94.9,186.2,132.3,0.6143
334,-1,321.6,405.8,50.6,41.8,0.2307
335,-1,106.3,91.5,193.1,133.8,0.5770
335,-1,328.0,423.9,53.6,44.5,0.4078
336,-1,336.6,440.3,57.1,49.7,0.5402
336,-1,102.4,83.3,195.1,137.7,0.5214
336,-1,148.5,271.2,342.7,240.8,0.1302
337,-1,88.0,72.9,216.1,130.7,0.5564
337,-1,346.0,459.1,56.0,33.2,0.2080
337,-1,129.7,277.1,352.7,234.9,0.1402
338,-1,72.3,63.9,253.2,127.1,0.4880
338,-1,130.1,287.5,349.5,222.6,0.1229
339,-1,70.1,47.7,276.1,124.3,0.2100
340,-1,109.8,95.7,267.2,124.3,0.4425
341,-1,105.1,113.3,295.4,145.3,0.2695
342,-1,116.5,163.0,243.9,132.4,0.1808
344,-1,88.5,161.6,342.2,227.1,0.1581
345,-1,84.1,161.6,346.0,255.8,0.3686
345,-1,78.9,157.4,211.8,240.0,0.2079
345,-1,96.5,200.6,133.8,188.1,0.1241
346,-1,54.8,150.0,380.2,263.5,0.2448
346,-1,67.3,154.7,235.0,249.1,0.1981
346,-1,119.3,104.1,379.6,356.7,0.1486
347,-1,25.5,121.2,417.3,298.5,0.1887
347,-1,39.4,407.9,403.2,102.3,0.1464
347,-1,178.9,112.9,295.7,372.2,0.1182
347,-1,101.1,0.0,410.9,457.5,0.1182
347,-1,66.7,249.1,132.0,186.8,0.1079
348,-1,50.8,257.7,90.2,191.4,0.1487
348,-1,85.0,0.0,427.0,442.0,0.1140
348,-1,19.7,88.7,326.3,393.7,0.1004
349,-1,206.2,177.8,291.7,287.5,0.2001
349,-1,45.1,401.6,403.8,110.4,0.1988
350,-1,195.2,155.5,311.4,340.4,0.1362
350,-1,47.2,421.9,401.9,90.1,0.1227
354,-1,169.7,119.7,332.3,352.0,0.1460
354,-1,21.6,426.7,397.2,85.3,0.1227
355,-1,168.0,160.8,327.5,281.0,0.1892
356,-1,50.3,245.1,88.9,179.4,0.1611
356,-1,108.0,0.0,404.0,426.1,0.1096
357,-1,19.5,103.5,424.6,285.5,0.1778
357,-1,66.2,224.9,131.2,212.4,0.1111
357,-1,109.3,6.7,402.7,423.0,0.1110
357,-1,195.0,143.6,261.3,307.2,0.1047
358,-1,44.4,137.4,391.8,236.0,0.2574
358,-1,57.8,128.7,191.9,248.6,0.1988
358,-1,77.2,202.7,115.9,179.6,0.1120
359,-1,80.4,137.6,351.9,237.5,0.3377
359,-1,90.4,176.0,123.6,189.1,0.1103
360,-1,335.6,227.2,59.1,89.7,0.1095
362,-1,106.3,122.2,309.2,146.3,0.1992
363,-1,111.9,119.6,298.1,121.8,0.5313
364,-1,113.2,100.4,262.1,117.8,0.4627
365,-1,59.3,5.7,294.6,147.7,0.2631
365,-1,78.5,76.0,250.0,81.5,0.1137
366,-1,350.5,444.7,59.6,43.8,0.4429
366,-1,77.3,8.2,251.5,143.7,0.3557
367,-1,81.8,2.2,216.7,147.3,0.5597
367,-1,335.3,407.8,55.6,46.7,0.3863
368,-1,69.6,1.4,234.6,142.3,0.6342
368,-1,315.5,375.8,91.7,93.3,0.5310
368,-1,321.0,377.9,54.2,44.0,0.2371
369,-1,79.8,3.0,219.1,148.4,0.5920
369,-1,301.4,350.5,86.4,89.1,0.5860
369,-1,308.6,353.0,50.5,41.6,0.2447
370,-1,76.5,0.9,216.4,158.9,0.5337
370,-1,296.0,328.6,80.2,84.2,0.4678
370,-1,301.7,330.5,46.8,39.9,0.2094
371,-1,74.4,1.1,216.0,146.5,0.5786
371,-1,287.9,310.2,78.1,78.9,0.3194
371,-1,31.8,0.0,277.7,201.1,0.2447
371,-1,294.5,312.5,45.4,37.3,0.1774
372,-1,79.8,1.4,206.0,149.3,0.5294
372,-1,283.9,295.2,73.5,76.5,0.4727
372,-1,27.5,0.0,282.3,200.0,0.2244
372,-1,287.4,297.4,46.3,36.8,0.1999
372,-1,131.2,0.0,144.0,128.8,0.1193
373,-1,89.9,1.1,190.3,136.2,0.5699
373,-1,276.8,277.8,75.0,75.2,0.2877
373,-1,280.7,282.4,47.8,53.9,0.1537
374,-1,98.0,2.6,166.4,121.1,0.6509
374,-1,273.0,267.2,75.2,72.2,0.4150
374,-1,275.8,270.9,48.0,51.4,0.1761
374,-1,62.6,1.4,226.9,149.8,0.1253
375,-1,101.6,4.0,160.8,117.5,0.7015
375,-1,333.3,464.2,52.6,31.4,0.5345
375,-1,267.5,259.1,71.3,68.0,0.4202
376,-1,116.2,5.1,146.2,115.4,0.7551
376,-1,326.8,447.1,53.1,46.5,0.6763
376,-1,265.2,250.4,69.0,67.8,0.4735
377,-1,119.3,6.3,141.0,114.9,0.7588
377,-1,324.6,432.9,51.3,45.6,0.6892
377,-1,263.7,243.3,67.3,66.4,0.4726
378,-1,125.2,4.4,138.6,111.3,0.7490
378,-1,322.2,418.6,51.0,43.2,0.6978
378,-1,263.3,236.7,66.2,63.0,0.4915
379,-1,131.0,8.1,131.4,106.6,0.7535
379,-1,319.7,405.8,48.5,40.1,0.6819
379,-1,261.2,232.1,65.6,61.4,0.5404
379,-1,103.6,2.1,187.5,130.1,0.1593
380,-1,135.3,10.7,125.6,103.8,0.7935
380,-1,318.1,394.3,44.9,37.4,0.7013
380,-1,262.6,227.4,60.5,58.0,0.5474
380,-1,105.5,2.4,182.7,130.8,0.1094
381,-1,142.9,14.5,116.2,99.9,0.8158
381,-1,318.0,385.0,42.9,34.3,0.6970
381,-1,262.0,225.0,56.7,54.4,0.5424
381,-1,123.9,4.7,154.2,125.8,0.1311
382,-1,149.8,14.8,113.8,99.3,0.7944
382,-1,314.3,376.6,42.2,34.7,0.6594
382,-1,260.0,217.4,59.5,59.0,0.4992
382,-1,161.9,23.0,44.3,32.5,0.2487
382,-1,126.7,3.0,164.8,130.0,0.1693
383,-1,157.2,20.2,106.0,94.3,0.8035
383,-1,312.4,369.0,41.7,31.3,0.7360
383,-1,261.7,217.9,55.7,54.0,0.5936
383,-1,138.9,3.6,155.8,128.0,0.1362
384,-1,165.8,25.3,94.7,89.2,0.8001
384,-1,312.7,362.1,39.9,25.6,0.7090
384,-1,261.3,213.4,55.8,54.1,0.5780
385,-1,168.8,29.6,91.8,85.9,0.8077
385,-1,261.8,212.6,52.5,51.8,0.6235
385,-1,312.8,354.8,36.8,21.3,0.6080
386,-1,172.9,35.7,84.9,82.0,0.7813
386,-1,259.2,210.6,54.8,50.7,0.5408
386,-1,310.4,349.6,33.0,16.5,0.4783
387,-1,175.2,40.2,81.0,78.2,0.8249
387,-1,260.5,208.4,51.6,50.4,0.5878
388,-1,179.8,46.2,76.9,72.9,0.8172
388,-1,259.4,207.2,51.9,49.6,0.5797
389,-1,182.1,51.6,73.5,68.0,0.7262
389,-1,258.7,206.6,50.5,48.1,0.5712
390,-1,183.8,57.3,70.7,63.4,0.7197
390,-1,257.6,205.1,49.7,47.3,0.5489
391,-1,185.5,61.3,72.1,60.5,0.6836
391,-1,259.8,203.2,49.3,47.4,0.4812
392,-1,186.2,66.3,70.2,59.2,0.6931
392,-1,258.9,201.0,48.1,47.3,0.4919
393,-1,191.2,71.4,63.6,56.5,0.7050
393,-1,258.1,201.0,48.4,46.4,0.5207
394,-1,193.6,75.7,62.6,53.2,0.7487
394,-1,258.1,200.6,48.3,45.5,0.4916
395,-1,198.3,79.5,61.2,51.8,0.7529
395,-1,257.6,200.3,49.0,45.6,0.4595
396,-1,200.0,84.5,57.6,48.2,0.7785
396,-1,257.8,200.4,48.9,45.0,0.4335
397,-1,202.6,90.5,55.2,45.4,0.7610
397,-1,257.2,200.4,49.0,44.7,0.4316
398,-1,205.2,95.8,53.3,42.6,0.6831
398,-1,257.6,200.5,48.4,44.8,0.4534
399,-1,204.4,102.5,53.6,40.2,0.6390
399,-1,259.0,201.6,45.5,43.8,0.5158
400,-1,206.1,109.2,52.4,39.0,0.6822
400,-1,259.9,205.3,43.7,40.4,0.4736
401,-1,208.1,116.1,50.3,35.1,0.6866
401,-1,260.0,207.1,43.6,39.8,0.4308
402,-1,208.6,123.1,47.8,32.9,0.6957
402,-1,257.5,208.0,45.6,41.6,0.3553
403,-1,209.4,129.7,45.0,29.8,0.7046
403,-1,258.5,209.9,42.9,40.7,0.3786
404,-1,209.9,135.2,46.0,29.1,0.7484
404,-1,258.3,211.9,42.6,39.4,0.3496
404,-1,219.1,191.3,126.9,109.8,0.1114
405,-1,209.9,142.0,48.4,25.4,0.7656
405,-1,256.3,214.0,44.8,38.5,0.4007
405,-1,220.2,201.9,121.4,101.3,0.1544
406,-1,213.0,149.0,44.2,20.0,0.6930
406,-1,255.8,215.3,44.5,40.8,0.4105
406,-1,220.4,202.3,118.8,102.8,0.1873
407,-1,214.6,154.7,42.6,19.1,0.6472
407,-1,254.3,217.8,45.1,39.3,0.3898
407,-1,220.3,204.4,117.0,101.9,0.1217
407,-1,218.1,158.4,43.6,29.5,0.1181
408,-1,254.5,220.2,43.2,37.7,0.3797
408,-1,221.7,212.6,112.8,94.4,0.1218
408,-1,216.1,160.9,42.0,16.2,0.1197
408,-1,182.8,156.3,168.6,164.0,0.1090
409,-1,255.2,221.4,40.2,37.0,0.3920
409,-1,182.3,158.0,167.2,182.3,0.1590
409,-1,221.9,214.6,111.0,92.8,0.1171
410,-1,253.4,223.2,42.6,36.2,0.3527
410,-1,182.7,168.5,165.8,158.8,0.1563
411,-1,254.1,224.6,39.6,36.2,0.3509
411,-1,182.3,171.6,165.0,161.1,0.1630
412,-1,251.7,225.3,42.3,36.7,0.3147
412,-1,181.9,172.7,163.5,161.2,0.1718
413,-1,251.2,226.0,41.8,36.3,0.3221
413,-1,196.7,178.0,137.9,143.7,0.1731
414,-1,195.3,179.9,137.5,143.4,0.4103
414,-1,251.0,227.0,41.1,36.3,0.3632
415,-1,195.7,182.8,134.4,141.8,0.3825
415,-1,250.5,228.3,39.6,35.4,0.3550
416,-1,249.8,229.7,39.1,34.6,0.3264
416,-1,195.5,187.8,132.7,138.2,0.2711
417,-1,249.1,231.3,40.1,34.5,0.3780
417,-1,194.6,193.0,138.3,130.1,0.2925
418,-1,194.3,195.4,134.3,127.5,0.4086
418,-1,247.3,231.9,40.7,34.9,0.3318
418,-1,217.9,217.8,99.3,93.0,0.2042
418,-1,235.8,231.8,55.7,43.0,0.1602
419,-1,194.1,197.4,130.8,126.1,0.3907
419,-1,246.9,233.9,40.6,34.7,0.3053
419,-1,217.3,219.7,96.8,91.4,0.2207
420,-1,194.7,202.1,130.0,122.9,0.3107
420,-1,247.8,236.2,38.9,33.4,0.3066
420,-1,216.9,217.7,96.2,94.5,0.2458
421,-1,248.2,237.6,37.6,32.6,0.3284
421,-1,195.0,205.5,127.6,123.8,0.3206
421,-1,217.8,218.9,94.2,94.7,0.2308
422,-1,232.3,239.2,96.2,96.7,0.4001
422,-1,266.1,258.1,35.5,33.5,0.2934
422,-1,209.5,229.3,133.0,127.5,0.2564
423,-1,245.0,254.0,95.4,95.3,0.4000
423,-1,278.0,274.3,36.5,33.5,0.3043
423,-1,222.4,243.6,130.9,126.1,0.3035
424,-1,255.0,266.3,95.3,94.6,0.3804
424,-1,233.4,255.0,127.5,124.8,0.2857
424,-1,286.0,287.7,39.0,33.0,0.2709
424,-1,216.3,234.3,159.0,175.6,0.1221
425,-1,265.6,277.8,92.6,94.0,0.2734
425,-1,296.6,296.8,35.9,34.0,0.2514
425,-1,243.5,263.7,124.9,121.9,0.2226
426,-1,251.0,271.2,120.5,116.9,0.2743
426,-1,303.4,306.0,36.6,34.3,0.2362
426,-1,235.3,262.6,148.5,160.4,0.1023
427,-1,308.7,314.1,36.6,33.2,0.2617
427,-1,278.0,290.6,91.2,94.9,0.1932
427,-1,235.6,266.5,159.1,165.6,0.1580
427,-1,293.6,312.9,51.9,41.6,0.1489
427,-1,254.4,276.9,125.7,125.6,0.1357
427,-1,284.7,313.1,65.4,62.1,0.1294
428,-1,311.4,319.7,39.8,33.7,0.2479
428,-1,259.1,282.7,120.2,114.7,0.2285
428,-1,283.6,312.9,82.7,73.8,0.1602
428,-1,242.8,273.9,152.8,160.2,0.1341
429,-1,287.8,316.6,79.8,72.5,0.3170
429,-1,250.3,277.7,137.8,151.3,0.2763
430,-1,289.6,322.1,80.0,69.9,0.3267
430,-1,252.6,280.2,137.1,149.7,0.2249
431,-1,291.3,325.4,77.7,66.1,0.3952
431,-1,253.1,278.0,136.0,147.6,0.2431
432,-1,293.2,326.5,74.3,63.2,0.4247
432,-1,252.9,276.7,135.8,143.8,0.3067
433,-1,294.1,329.6,69.4,58.5,0.4939
433,-1,252.3,273.2,133.4,146.5,0.2655
434,-1,295.0,330.1,68.4,56.5,0.5333
434,-1,253.2,273.0,129.9,150.1,0.1717
435,-1,293.8,331.7,68.2,53.0,0.4764
435,-1,287.2,292.3,33.8,12.2,0.1379
435,-1,322.6,334.5,35.2,32.0,0.1253
435,-1,251.5,271.7,128.6,147.1,0.1117
436,-1,293.3,329.8,62.2,54.8,0.5646
437,-1,290.7,332.4,53.7,49.7,0.5833
437,-1,282.9,291.2,34.6,13.5,0.2460
437,-1,275.3,294.1,72.3,98.9,0.1911
438,-1,287.2,328.1,55.5,55.4,0.3406
438,-1,281.7,290.2,31.6,15.0,0.2612
438,-1,262.5,290.7,79.4,108.5,0.1192
439,-1,285.7,325.6,49.5,52.4,0.3113
439,-1,261.3,289.2,71.5,100.2,0.2016
440,-1,278.2,287.5,37.0,15.4,0.3122
440,-1,260.6,285.1,69.5,93.7,0.2858
441,-1,277.5,286.6,33.9,15.1,0.4376
441,-1,258.0,274.6,63.3,96.0,0.1666
442,-1,276.7,286.4,29.1,15.0,0.4210
442,-1,254.1,273.6,61.3,92.3,0.2552
443,-1,275.0,285.5,25.2,15.2,0.2322
443,-1,250.0,279.9,56.3,76.4,0.1973
444,-1,271.8,285.5,23.1,14.3,0.3089
444,-1,244.7,277.5,55.8,77.4,0.2386
445,-1,247.3,283.3,47.3,63.1,0.1848
446,-1,252.7,282.6,34.7,53.0,0.1383
447,-1,225.1,279.4,59.1,66.4,0.1546
452,-1,0.1,4.3,320.3,368.9,0.1097
453,-1,0.4,9.9,314.1,356.6,0.1364
454,-1,0.5,12.1,306.0,342.8,0.2005
455,-1,0.2,13.1,296.8,337.6,0.2562
456,-1,0.0,11.8,290.8,336.9,0.3030
457,-1,0.0,16.6,281.7,323.8,0.3644
458,-1,0.0,19.2,278.7,319.9,0.4195
459,-1,0.0,21.0,269.9,312.8,0.4635
460,-1,0.0,25.3,267.2,310.2,0.4997
461,-1,0.0,21.8,268.2,312.1,0.5064
462,-1,0.0,26.5,259.9,306.2,0.5412
463,-1,0.0,30.5,251.9,300.1,0.5620
464,-1,0.0,34.1,248.9,295.0,0.5750
464,-1,0.0,118.7,338.8,393.3,0.1006
465,-1,0.4,42.0,246.4,283.7,0.6184
465,-1,0.0,116.1,339.4,395.9,0.1034
466,-1,0.9,53.4,245.5,271.1,0.5962
467,-1,5.6,61.1,240.0,259.5,0.6117
468,-1,7.1,66.7,236.3,260.7,0.6229
468,-1,32.9,85.1,90.3,100.5,0.2810
469,-1,18.3,71.1,226.1,249.4,0.6418
469,-1,38.6,89.7,88.1,96.3,0.2826
470,-1,21.8,72.1,222.4,246.6,0.6535
470,-1,49.1,93.7,83.3,88.2,0.3320
471,-1,26.8,84.5,216.8,240.2,0.6412
472,-1,29.9,92.2,213.1,235.2,0.6278
473,-1,43.2,94.8,197.3,225.1,0.6053
474,-1,45.6,100.0,195.2,225.2,0.6004
475,-1,51.8,102.0,189.8,221.8,0.6088
475,-1,65.4,158.0,97.8,142.3,0.1425
476,-1,57.1,104.7,185.9,221.9,0.5971
476,-1,70.5,162.4,92.8,137.0,0.1509
477,-1,61.4,111.3,182.5,218.0,0.5817
477,-1,72.9,124.8,122.2,176.5,0.1693
477,-1,76.0,177.9,87.8,118.9,0.1297
478,-1,63.3,113.4,181.6,217.8,0.5585
478,-1,79.2,156.7,99.6,138.1,0.2432
479,-1,73.5,113.1,175.6,211.4,0.5549
479,-1,84.7,181.9,88.6,112.1,0.2337
480,-1,76.8,116.2,173.7,207.8,0.5409
480,-1,88.7,192.1,83.8,103.0,0.1702
481,-1,82.2,119.5,169.9,204.3,0.5380
482,-1,85.7,124.2,166.7,198.2,0.5148
482,-1,53.6,61.4,364.5,444.1,0.1246
482,-1,139.2,124.4,109.3,165.4,0.1189
483,-1,88.9,127.6,162.7,173.0,0.4871
483,-1,61.9,74.6,355.7,413.3,0.2241
484,-1,104.6,133.0,146.7,158.7,0.5417
484,-1,65.9,83.5,350.1,394.0,0.2593
485,-1,109.8,136.7,142.8,156.1,0.5644
485,-1,69.7,87.5,343.8,385.9,0.2611
486,-1,114.3,141.5,137.4,152.1,0.6147
486,-1,85.0,75.4,346.4,417.8,0.2474
486,-1,88.5,130.3,170.8,207.8,0.1175
487,-1,120.3,143.1,131.9,150.8,0.6491
487,-1,85.9,82.9,355.7,429.1,0.2860
488,-1,124.6,145.9,131.2,147.0,0.6604
488,-1,87.5,84.6,352.8,427.4,0.2826
489,-1,130.2,150.3,123.5,139.0,0.6825
489,-1,91.0,87.8,348.5,415.5,0.2552
489,-1,179.8,155.6,69.9,134.3,0.1163
490,-1,133.3,155.1,120.1,135.5,0.7241
490,-1,95.4,77.4,330.6,388.8,0.2710
490,-1,182.7,162.3,66.1,128.4,0.1524
491,-1,135.9,157.4,117.9,134.0,0.7539
491,-1,97.8,101.7,324.6,355.0,0.2632
491,-1,174.6,164.8,74.9,127.0,0.2184
492,-1,139.0,160.1,114.4,132.0,0.7578
492,-1,99.9,100.8,318.8,349.4,0.2339
493,-1,141.1,164.7,112.4,128.4,0.7335
493,-1,112.6,82.5,299.1,365.7,0.2166
494,-1,144.0,172.4,109.1,121.4,0.7127
494,-1,113.9,99.9,290.1,328.5,0.2263
495,-1,148.3,172.4,100.6,119.8,0.7197
495,-1,114.9,108.8,277.9,317.7,0.1973
496,-1,151.5,175.3,97.5,116.9,0.7226
496,-1,115.9,114.4,269.3,306.1,0.1725
497,-1,151.6,180.1,99.3,113.5,0.7480
497,-1,116.4,115.4,268.0,314.9,0.1297
498,-1,154.1,184.6,94.7,108.0,0.7320
498,-1,117.4,117.7,271.4,333.6,0.1209
499,-1,159.0,188.8,89.3,104.4,0.7191
499,-1,115.9,107.1,343.6,404.9,0.1462
500,-1,161.6,189.7,87.4,103.9,0.7403
500,-1,118.0,112.7,339.0,386.3,0.1681
501,-1,163.6,191.0,85.9,103.0,0.7602
501,-1,118.7,115.0,332.7,371.7,0.1958
502,-1,164.9,192.2,85.0,101.7,0.7854
502,-1,134.0,125.8,286.5,345.9,0.2085
503,-1,169.8,194.5,80.2,99.4,0.7608
503,-1,135.3,132.7,279.1,328.7,0.2305
504,-1,172.7,196.5,78.3,97.8,0.7008
504,-1,137.2,136.8,275.0,314.3,0.2374
505,-1,174.3,198.3,79.9,95.8,0.6575
505,-1,139.3,142.0,259.1,307.9,0.2145
506,-1,177.9,199.1,77.5,93.9,0.6423
506,-1,141.5,141.5,257.8,299.1,0.2348
507,-1,180.3,200.6,76.1,92.7,0.6540
507,-1,145.8,144.7,249.3,291.2,0.1567
508,-1,183.3,201.4,74.8,91.7,0.6577
509,-1,186.4,201.9,73.3,91.1,0.6141
510,-1,188.6,201.8,73.4,91.3,0.5561
511,-1,190.9,201.6,73.3,90.9,0.4785
512,-1,195.3,200.7,70.5,91.3,0.4406
513,-1,198.5,201.8,68.7,90.8,0.3652
514,-1,202.7,203.3,64.4,83.2,0.3551
515,-1,203.6,202.4,65.8,84.1,0.3115
516,-1,208.7,205.4,61.9,80.2,0.2974
517,-1,211.8,210.2,59.8,74.7,0.2960
518,-1,216.2,213.4,57.5,72.8,0.2785
518,-1,203.7,180.9,134.2,164.0,0.1107
519,-1,221.9,213.8,54.5,72.6,0.1844
519,-1,208.2,181.0,132.1,162.5,0.1402
520,-1,226.9,214.5,52.9,71.6,0.2027
520,-1,215.3,183.5,126.8,157.7,0.1794
521,-1,230.6,216.4,51.6,69.9,0.1817
521,-1,219.6,186.0,123.2,154.9,0.1794
522,-1,224.8,188.9,118.9,153.3,0.1825
523,-1,228.3,189.6,118.1,152.7,0.2113
523,-1,237.1,218.1,49.0,69.3,0.1306
524,-1,235.6,195.4,108.9,145.5,0.2284
525,-1,241.3,197.5,106.4,144.3,0.1876
526,-1,250.0,205.5,87.7,126.9,0.2201
526,-1,242.2,191.7,129.1,155.9,0.1187
527,-1,253.5,210.3,83.8,113.9,0.2767
527,-1,244.5,194.0,125.3,149.4,0.1071
528,-1,258.7,210.9,78.5,110.8,0.3150
528,-1,249.3,202.2,107.5,137.8,0.1523
529,-1,263.0,212.6,75.9,109.0,0.3443
529,-1,253.1,204.2,105.9,136.1,0.1046
530,-1,264.9,215.6,74.6,107.6,0.3772
531,-1,266.7,218.9,71.7,104.0,0.4376
532,-1,268.4,219.9,71.3,104.1,0.4881
533,-1,268.3,222.1,72.7,104.0,0.4130
534,-1,268.0,223.7,78.5,104.4,0.3405
535,-1,269.3,225.1,76.2,102.8,0.3146
536,-1,270.7,225.0,73.8,102.6,0.3253
537,-1,269.1,224.1,72.0,94.2,0.3357
538,-1,269.7,225.7,71.1,92.9,0.3392
539,-1,274.6,230.1,67.4,97.0,0.3798
540,-1,274.9,231.4,67.4,96.6,0.3662
541,-1,271.9,229.1,69.5,95.5,0.3582
542,-1,272.0,231.4,69.5,93.6,0.3919
543,-1,272.0,233.8,69.4,90.7,0.3968
544,-1,194.3,225.0,68.9,90.2,0.5024
545,-1,118.6,217.0,71.0,86.7,0.3492
546,-1,45.5,205.0,73.2,91.7,0.4019
546,-1,38.1,190.3,137.8,144.4,0.1632
547,-1,0.0,179.4,112.7,155.8,0.2499
548,-1,317.4,22.3,194.6,359.5,0.2921
548,-1,0.0,5.1,293.2,391.8,0.2300
549,-1,288.5,14.4,217.4,269.1,0.2581
549,-1,277.6,25.4,234.4,396.0,0.2391
549,-1,0.0,1.9,226.9,428.9,0.1965
550,-1,434.5,182.5,77.1,144.5,0.2883
550,-1,3.0,12.4,186.5,307.0,0.1857
550,-1,388.5,147.3,122.9,211.0,0.1798
550,-1,260.1,7.5,243.1,271.7,0.1719
550,-1,469.4,227.7,42.6,54.0,0.1576
551,-1,423.3,226.4,55.9,48.6,0.2029
551,-1,1.2,52.8,151.3,302.0,0.1465
552,-1,374.6,221.6,60.9,50.4,0.1873
552,-1,357.3,186.0,115.8,128.5,0.1298
552,-1,286.3,46.9,225.2,342.0,0.1267
553,-1,342.2,218.9,52.8,48.0,0.2554
553,-1,319.8,180.4,113.9,130.7,0.1819
553,-1,239.1,15.0,272.2,375.3,0.1422
554,-1,309.9,216.4,55.1,49.2,0.2244
554,-1,289.1,179.1,111.1,126.1,0.2039
554,-1,240.0,104.8,271.8,298.4,0.1864
555,-1,194.9,115.0,317.1,298.3,0.2476
555,-1,263.6,178.7,110.6,125.6,0.2222
555,-1,284.5,216.1,55.0,49.3,0.1989
556,-1,202.6,115.9,309.4,267.3,0.3236
556,-1,264.5,216.3,51.9,48.8,0.2767
556,-1,242.5,177.9,111.8,127.4,0.2682
556,-1,128.1,88.2,383.8,385.8,0.1012
557,-1,153.2,111.5,357.4,309.7,0.3427
557,-1,224.7,178.1,111.6,125.9,0.2698
557,-1,246.8,216.4,54.1,49.2,0.2521
558,-1,166.2,112.8,337.1,284.9,0.2869
558,-1,233.5,218.2,53.4,48.3,0.2435
558,-1,209.8,178.7,112.9,125.6,0.2291
559,-1,222.3,220.7,52.5,47.8,0.3276
559,-1,124.5,108.8,378.1,315.4,0.2408
559,-1,196.4,179.6,116.6,131.3,0.2351
559,-1,200.8,110.3,285.9,249.2,0.1895
560,-1,214.1,222.9,51.1,48.4,0.3607
560,-1,132.6,112.4,355.2,296.4,0.2482
560,-1,188.5,180.7,117.4,132.6,0.1714
561,-1,208.1,225.4,53.2,47.3,0.2919
561,-1,142.6,115.9,340.4,271.3,0.2529
561,-1,184.5,182.6,112.6,124.6,0.1156
561,-1,253.2,117.5,219.4,221.2,0.1010
562,-1,203.0,229.0,53.8,49.8,0.2996
562,-1,147.1,116.5,333.6,273.6,0.2538
562,-1,178.1,184.5,118.7,133.4,0.1709
563,-1,201.8,234.0,50.0,48.5,0.3318
563,-1,150.7,118.1,330.2,272.3,0.2633
563,-1,173.7,187.8,120.2,137.6,0.2026
564,-1,197.1,235.6,54.3,50.1,0.3195
564,-1,151.7,120.9,331.7,268.3,0.2614
564,-1,171.7,191.8,119.8,131.6,0.1782
565,-1,196.6,239.0,54.0,50.0,0.3457
565,-1,200.2,123.8,284.2,243.1,0.2738
565,-1,172.5,193.5,117.4,129.9,0.2011
566,-1,196.7,242.5,52.8,48.8,0.3813
566,-1,197.6,124.3,291.1,246.5,0.3321
566,-1,172.0,196.4,117.3,135.3,0.2434
567,-1,196.5,246.4,53.9,49.8,0.3550
567,-1,188.5,123.3,309.3,262.0,0.3332
567,-1,170.4,199.6,120.6,137.4,0.2049
568,-1,196.6,249.7,53.8,50.9,0.3987
568,-1,181.6,121.4,322.0,269.1,0.3113
568,-1,170.2,203.9,121.3,133.3,0.1140
568,-1,122.6,109.2,389.4,337.4,0.1059
569,-1,197.5,254.0,53.0,49.5,0.3859
569,-1,177.7,116.9,331.2,288.4,0.2855
569,-1,171.5,206.5,121.5,137.8,0.2114
570,-1,196.8,256.9,54.0,50.3,0.4179
570,-1,221.5,117.0,289.4,282.2,0.3844
570,-1,170.2,208.3,123.7,143.8,0.2965
570,-1,141.9,108.6,370.1,372.8,0.1104
571,-1,219.1,116.4,292.9,290.4,0.3884
571,-1,196.9,260.7,53.8,49.4,0.3374
571,-1,168.6,211.3,126.2,146.0,0.1577
572,-1,215.5,112.5,296.5,299.6,0.3184
572,-1,195.3,262.6,54.8,52.2,0.2732
573,-1,194.2,267.3,53.0,49.3,0.2853
573,-1,210.0,96.8,302.0,323.4,0.2261
574,-1,191.3,267.7,53.9,51.5,0.4083
574,-1,206.5,77.6,305.5,364.1,0.1298
575,-1,189.7,269.0,54.4,51.9,0.4149
576,-1,186.4,273.6,53.3,48.6,0.2409
576,-1,155.3,219.3,138.8,155.4,0.1688
576,-1,159.4,10.3,352.6,350.7,0.1060
577,-1,182.3,270.0,56.3,53.4,0.2482
577,-1,153.3,218.7,138.1,152.3,0.1983
577,-1,162.6,10.2,348.3,350.8,0.1484
578,-1,179.3,273.7,54.1,51.1,0.2478
578,-1,164.4,10.7,343.8,349.8,0.1690
578,-1,150.2,218.2,136.0,147.1,0.1322
579,-1,175.6,273.2,55.3,52.8,0.2581
579,-1,169.6,10.5,339.0,349.9,0.1657
580,-1,171.0,274.8,53.8,51.3,0.2587
580,-1,139.7,218.1,143.0,156.2,0.1744
580,-1,175.8,10.1,333.0,348.2,0.1498
581,-1,165.0,274.1,55.0,50.9,0.1403
581,-1,176.5,9.8,332.1,348.7,0.1099
582,-1,158.4,268.5,58.9,56.4,0.1594
583,-1,153.3,266.9,58.2,55.4,0.2783
584,-1,144.2,262.6,65.7,66.8,0.2734
585,-1,141.5,262.0,57.8,59.4,0.2868
586,-1,134.2,258.8,64.5,66.0,0.2826
587,-1,128.7,261.9,59.7,58.7,0.2709
588,-1,122.5,264.9,60.1,54.0,0.3225
588,-1,69.8,194.9,172.1,179.9,0.1107
589,-1,113.8,253.8,64.8,72.3,0.3249
589,-1,115.9,270.5,56.3,46.1,0.1393
589,-1,64.7,189.1,169.0,178.1,0.1148
590,-1,110.8,253.0,63.1,70.6,0.4226
590,-1,110.1,277.8,57.7,39.4,0.2872
590,-1,56.7,186.3,172.2,183.3,0.1087
591,-1,99.7,253.4,68.6,74.3,0.3964
591,-1,102.3,268.2,60.9,49.9,0.2902
591,-1,42.9,185.6,182.6,196.0,0.1664
592,-1,96.3,252.0,65.5,72.1,0.5163
592,-1,97.2,278.5,57.7,39.2,0.4477
592,-1,38.0,182.7,183.9,200.5,0.2178
593,-1,84.6,252.1,72.7,75.1,0.5078
593,-1,89.6,275.0,60.4,42.9,0.3660
593,-1,31.9,181.0,180.6,197.0,0.3213
593,-1,0.0,3.6,266.9,383.2,0.1074
594,-1,82.3,251.7,68.0,73.6,0.6245
594,-1,83.1,278.3,59.2,41.2,0.4521
594,-1,13.9,180.4,197.4,207.2,0.3144
594,-1,0.0,3.9,257.9,382.2,0.1190
595,-1,71.6,251.4,73.5,76.0,0.5404
595,-1,75.4,279.2,59.3,40.3,0.3941
595,-1,12.0,178.9,194.0,208.4,0.3838
595,-1,0.0,5.6,248.7,379.7,0.1330
596,-1,68.5,253.0,69.2,79.1,0.5315
596,-1,7.8,179.3,193.6,216.2,0.4452
596,-1,68.8,283.0,59.0,40.7,0.3932
597,-1,4.3,179.1,193.8,214.8,0.4710
597,-1,66.5,283.5,55.7,44.0,0.4397
597,-1,58.3,254.9,76.6,80.9,0.4087
598,-1,63.0,286.7,59.8,41.4,0.4836
598,-1,57.7,258.1,74.4,75.8,0.4428
598,-1,2.5,178.3,194.9,216.0,0.3861
599,-1,64.1,288.4,56.6,41.1,0.5250
599,-1,57.7,258.4,75.4,77.7,0.4306
599,-1,1.6,177.7,197.7,218.9,0.3991
600,-1,60.3,258.5,77.0,79.1,0.6509
600,-1,66.9,287.0,59.5,44.8,0.5264
600,-1,1.8,178.1,200.6,218.9,0.4721
601,-1,65.6,258.4,74.4,78.8,0.5688
601,-1,68.9,287.6,61.9,44.0,0.5583
601,-1,3.1,176.4,205.5,223.9,0.4306
602,-1,78.2,284.8,56.4,45.6,0.5517
602,-1,69.4,254.8,78.9,83.0,0.4696
602,-1,6.2,173.4,208.4,229.9,0.3588
603,-1,80.1,255.8,74.2,80.0,0.6030
603,-1,84.5,286.8,61.1,43.8,0.5077
603,-1,8.9,172.7,211.8,229.6,0.3740
604,-1,88.2,253.7,77.0,81.0,0.5714
604,-1,95.2,285.2,58.5,44.4,0.5260
604,-1,18.9,169.1,210.3,234.0,0.3446
605,-1,98.2,252.0,78.8,83.3,0.6190
605,-1,106.9,282.8,57.8,46.9,0.5191
605,-1,24.6,168.3,213.1,236.0,0.3512
606,-1,107.5,250.5,81.2,85.1,0.6076
606,-1,115.8,281.8,63.3,45.4,0.5932
606,-1,32.1,164.7,216.2,239.7,0.2951
607,-1,120.7,246.3,78.8,83.4,0.6249
607,-1,129.1,277.8,58.4,45.9,0.4962
607,-1,45.7,155.6,217.4,254.3,0.2815
608,-1,140.8,273.8,61.9,48.1,0.5944
608,-1,133.3,243.7,79.2,84.8,0.4888
608,-1,55.6,155.1,217.3,250.4,0.2418
609,-1,155.0,273.5,61.9,47.2,0.6026
609,-1,143.5,239.7,83.7,88.6,0.5496
609,-1,72.3,153.9,212.6,246.3,0.1879
610,-1,157.1,238.2,84.4,88.2,0.6457
610,-1,170.5,267.4,59.0,50.0,0.5956
610,-1,81.4,147.1,219.3,236.1,0.2454
611,-1,174.9,236.8,78.2,86.7,0.6937
611,-1,184.6,266.8,59.7,49.9,0.6337
611,-1,94.1,143.5,220.1,242.8,0.2734
612,-1,188.3,232.0,78.4,89.4,0.6798
612,-1,197.9,261.9,60.6,51.2,0.5990
612,-1,107.3,142.4,219.6,244.3,0.2737
613,-1,203.0,227.4,78.8,89.0,0.5972
613,-1,213.5,257.1,62.9,52.4,0.5369
613,-1,120.1,129.6,225.5,264.9,0.3002
614,-1,212.9,222.9,84.7,91.1,0.6710
614,-1,226.7,254.2,62.0,51.4,0.5893
614,-1,132.5,128.6,226.8,269.8,0.2541
615,-1,237.8,249.8,62.1,53.5,0.5756
615,-1,227.5,220.4,81.2,90.6,0.5445
615,-1,143.7,125.9,234.0,273.8,0.1729
616,-1,247.5,247.2,61.9,53.3,0.6641
616,-1,236.8,216.1,82.6,93.2,0.4091
617,-1,255.3,240.3,64.4,57.1,0.6266
617,-1,239.7,211.8,92.1,95.1,0.3315
618,-1,262.2,240.2,64.9,55.6,0.5905
618,-1,251.1,210.4,85.2,94.1,0.5028
619,-1,267.1,240.5,65.1,54.8,0.6786
619,-1,251.5,204.2,94.3,100.4,0.2857
620,-1,271.5,240.2,65.1,56.4,0.6712
620,-1,312.9,106.6,46.5,35.1,0.3779
620,-1,260.3,209.4,86.9,94.3,0.3430
620,-1,305.7,95.3,56.8,48.6,0.1475
620,-1,236.7,93.5,124.0,57.6,0.1324
621,-1,272.3,239.1,67.6,57.2,0.6847
621,-1,317.7,95.9,48.9,42.8,0.4644
621,-1,265.2,218.5,83.2,84.2,0.3804
621,-1,236.1,89.2,133.1,60.3,0.2082
621,-1,255.3,201.3,102.1,118.3,0.1732
622,-1,272.9,239.4,68.8,58.1,0.6732
622,-1,313.6,88.0,56.8,49.0,0.5813
622,-1,241.7,84.2,129.1,64.9,0.2628
622,-1,264.5,217.5,89.2,90.2,0.2563
623,-1,273.3,239.7,69.5,58.8,0.6627
623,-1,318.9,84.1,51.9,49.0,0.5481
623,-1,242.3,79.2,128.8,68.3,0.4034
623,-1,260.4,202.8,97.9,109.2,0.2765
624,-1,272.6,240.3,70.2,62.5,0.6879
624,-1,316.7,79.2,53.0,52.4,0.5789
624,-1,258.0,202.0,102.5,112.4,0.2691
624,-1,244.7,75.9,126.8,70.9,0.1883
625,-1,271.9,240.9,70.8,62.2,0.6567
625,-1,313.3,76.0,58.9,54.7,0.5991
625,-1,255.4,201.5,107.0,114.8,0.2871
625,-1,242.0,71.5,132.2,68.6,0.2757
626,-1,313.6,71.1,57.5,59.2,0.5967
626,-1,269.1,240.7,71.7,64.6,0.5962
626,-1,242.6,67.2,129.4,73.3,0.4272
626,-1,253.0,201.6,111.0,119.4,0.2376
627,-1,267.7,246.1,72.5,63.5,0.6748
627,-1,309.4,69.3,59.9,62.6,0.5951
627,-1,246.5,65.5,125.6,76.1,0.2906
627,-1,247.6,202.9,116.6,122.8,0.1659
628,-1,266.8,247.7,70.2,65.0,0.6477
628,-1,308.0,69.9,61.6,62.2,0.5533
628,-1,247.8,213.3,111.3,126.9,0.1636
628,-1,239.6,58.0,140.3,93.3,0.1091
629,-1,263.4,250.4,72.7,66.1,0.6839
629,-1,304.7,63.2,63.3,67.9,0.6195
629,-1,247.1,216.7,112.0,121.3,0.1714
629,-1,236.8,55.1,143.3,96.6,0.1193
630,-1,260.6,253.7,72.9,67.1,0.6729
630,-1,303.0,62.9,64.0,67.9,0.5859
630,-1,242.4,216.4,120.0,123.4,0.1526
630,-1,230.6,53.1,152.0,98.7,0.1423
631,-1,299.1,58.4,67.7,75.5,0.6939
631,-1,259.3,257.4,72.3,66.6,0.6039
631,-1,238.9,214.9,123.3,127.0,0.1514
632,-1,298.8,55.7,68.1,78.1,0.7140
632,-1,255.9,259.4,74.2,68.8,0.6782
632,-1,234.6,221.8,124.2,131.7,0.1236
633,-1,298.4,51.7,70.0,82.3,0.7565
633,-1,253.4,261.8,81.2,76.1,0.6598
634,-1,251.8,264.1,83.7,78.1,0.6804
634,-1,292.8,46.8,72.5,86.4,0.6731
635,-1,290.5,44.6,75.2,90.1,0.6688
635,-1,253.9,270.2,72.7,72.1,0.6392
635,-1,255.9,38.2,123.0,111.6,0.1098
636,-1,289.4,42.8,73.5,91.7,0.7045
636,-1,249.0,271.1,82.8,82.2,0.6792
636,-1,210.7,212.6,163.3,179.0,0.1226
637,-1,287.3,41.4,75.8,93.9,0.6765
637,-1,244.6,274.8,87.5,86.1,0.6457
637,-1,207.6,216.1,166.0,185.1,0.1086
638,-1,286.4,40.9,79.0,94.3,0.6945
638,-1,243.1,278.8,87.2,85.9,0.5650
638,-1,205.3,221.4,167.9,187.2,0.1286
639,-1,285.1,40.0,80.6,95.4,0.7195
639,-1,242.0,288.2,83.3,81.4,0.6598
639,-1,193.0,223.7,177.5,189.9,0.1133
640,-1,284.7,38.2,79.9,98.4,0.7111
640,-1,239.0,290.3,87.4,85.4,0.5292
641,-1,283.1,36.7,82.2,98.6,0.6858
641,-1,238.2,294.1,85.0,87.4,0.4807
642,-1,283.8,35.9,84.8,100.8,0.6951
642,-1,234.2,300.1,90.2,88.9,0.4528
643,-1,282.9,34.5,85.9,103.9,0.6957
643,-1,231.1,305.1,86.0,88.6,0.4770
643,-1,180.4,234.3,189.2,204.9,0.1218
644,-1,279.6,32.7,88.2,107.9,0.6645
644,-1,224.9,311.2,92.5,87.1,0.4921
644,-1,177.3,234.3,190.4,209.1,0.1262
644,-1,235.7,7.2,158.7,155.6,0.1106
645,-1,279.2,31.2,89.6,110.2,0.6516
645,-1,221.0,317.1,91.9,90.0,0.4000
645,-1,234.0,4.2,168.7,166.2,0.1104
645,-1,163.6,237.6,204.8,221.5,0.1085
646,-1,273.6,27.9,97.5,115.4,0.6084
646,-1,212.5,320.8,100.7,96.3,0.3004
646,-1,234.5,7.9,158.1,157.2,0.1224
646,-1,156.9,241.1,212.1,221.3,0.1092
647,-1,268.4,25.9,100.0,119.9,0.6055
647,-1,214.0,334.0,87.6,87.6,0.4233
647,-1,221.3,388.7,47.1,31.8,0.1719
647,-1,234.1,5.7,157.4,166.9,0.1121
648,-1,271.1,28.8,94.3,120.3,0.5001
648,-1,213.4,396.4,49.0,34.3,0.3990
648,-1,204.1,337.5,98.5,98.4,0.3815
649,-1,207.9,407.2,48.2,35.2,0.5389
649,-1,263.9,30.9,99.5,122.4,0.3518
649,-1,196.6,345.1,100.5,103.3,0.2561
649,-1,133.5,254.4,232.2,242.9,0.1368
649,-1,282.3,40.7,68.8,105.7,0.1013
650,-1,201.9,418.8,49.4,37.8,0.6209
650,-1,257.2,30.3,103.3,127.4,0.4984
650,-1,191.6,359.0,99.4,101.0,0.2921
650,-1,137.3,275.3,214.7,229.3,0.1684
650,-1,206.2,6.2,179.5,179.4,0.1244
650,-1,290.4,47.8,52.5,71.9,0.1195
651,-1,195.5,425.9,52.1,38.0,0.5485
651,-1,249.8,25.1,109.6,133.5,0.4844
651,-1,184.2,363.5,98.0,107.7,0.2923
651,-1,285.4,46.8,52.0,73.5,0.1625
651,-1,129.1,278.0,221.4,226.8,0.1553
652,-1,192.0,429.9,52.2,40.0,0.7123
652,-1,176.5,369.4,110.8,113.6,0.2319
652,-1,124.9,280.5,224.9,225.6,0.1622
652,-1,243.7,16.1,116.8,137.5,0.1556
652,-1,282.4,36.9,52.7,85.0,0.1297
652,-1,134.2,348.9,191.8,154.6,0.1079
652,-1,147.9,0.8,260.5,199.2,0.1073
653,-1,184.6,428.4,53.1,41.9,0.6393
653,-1,244.0,5.7,118.6,141.8,0.3311
653,-1,287.6,32.5,52.6,75.5,0.2912
653,-1,173.2,367.5,101.4,109.1,0.2824
653,-1,142.9,0.7,276.4,194.9,0.1769
653,-1,128.8,350.1,187.3,153.6,0.1604
653,-1,111.1,265.4,266.7,244.7,0.1478
654,-1,180.9,423.4,54.8,42.9,0.5758
654,-1,290.4,18.9,53.5,78.0,0.3738
654,-1,242.2,0.0,122.5,138.7,0.3131
654,-1,141.2,1.7,268.9,187.2,0.3112
654,-1,170.2,383.0,78.7,91.9,0.1805
654,-1,164.6,362.9,113.1,130.7,0.1805
655,-1,177.2,416.8,53.7,43.5,0.6346
655,-1,146.0,1.5,280.8,175.6,0.4054
655,-1,241.8,0.0,126.9,126.8,0.3821
655,-1,160.9,356.9,115.0,118.2,0.1700
655,-1,275.6,5.4,76.3,92.7,0.1284
655,-1,167.5,386.9,77.2,82.8,0.1170
656,-1,173.1,408.7,56.7,42.3,0.5780
656,-1,244.6,1.1,126.6,110.4,0.3180
656,-1,132.9,1.2,262.9,161.7,0.1954
656,-1,163.6,365.9,79.7,95.8,0.1854
656,-1,300.5,11.9,57.5,56.9,0.1743
656,-1,210.3,355.5,61.7,84.7,0.1023
657,-1,176.4,398.6,54.3,43.8,0.6117
657,-1,301.7,6.6,52.5,41.9,0.4309
657,-1,234.5,1.9,137.8,93.6,0.3544
657,-1,158.9,337.6,116.5,126.9,0.2113
657,-1,170.2,1.0,207.9,137.3,0.1263
658,-1,176.8,387.9,54.6,43.3,0.4833
658,-1,235.8,2.8,139.6,69.9,0.2541
658,-1,139.5,319.0,159.3,141.5,0.1682
658,-1,164.2,338.1,87.0,110.8,0.1357
658,-1,190.8,5.2,317.1,136.6,0.1276
659,-1,263.5,3.3,111.2,46.0,0.4144
659,-1,176.2,375.6,55.5,43.1,0.4070
659,-1,143.5,308.3,155.0,142.4,0.1682
659,-1,164.1,331.6,86.8,106.4,0.1248
659,-1,181.8,2.5,330.2,130.0,0.1051
660,-1,167.1,1.4,344.9,107.5,0.4071
660,-1,176.0,362.2,56.6,44.3,0.3591
660,-1,149.9,298.6,148.2,144.4,0.1924
660,-1,164.7,326.9,83.3,99.4,0.1233
661,-1,173.2,345.4,63.1,49.1,0.3940
661,-1,196.8,1.7,310.6,87.4,0.2128
661,-1,154.3,283.7,142.7,146.0,0.1420
661,-1,165.8,322.1,79.7,93.0,0.1259
662,-1,158.6,274.3,140.8,144.1,0.3343
662,-1,174.8,332.9,62.8,49.0,0.2809
662,-1,166.9,311.5,79.1,91.1,0.1071
663,-1,159.8,258.5,140.4,148.7,0.1975
663,-1,174.2,317.4,67.5,51.6,0.1896
664,-1,162.4,250.1,139.8,141.7,0.3783
664,-1,181.1,307.0,54.4,48.7,0.1933
665,-1,186.7,297.5,49.5,44.1,0.3577
665,-1,161.5,235.1,145.0,149.2,0.2718
666,-1,190.5,285.4,50.0,43.5,0.5416
666,-1,167.1,227.3,138.3,148.2,0.2553
667,-1,194.7,265.0,48.8,48.2,0.4384
667,-1,161.7,205.3,161.0,155.0,0.2546
668,-1,199.8,254.1,47.2,46.5,0.5190
668,-1,173.4,190.1,150.9,151.0,0.2577
669,-1,202.9,244.2,50.3,45.8,0.5015
669,-1,178.9,176.5,149.7,159.0,0.3306
670,-1,204.8,235.7,49.4,47.5,0.5585
670,-1,178.9,164.7,151.6,159.3,0.3091
671,-1,205.5,231.0,56.3,45.1,0.4180
671,-1,180.7,153.5,149.6,165.1,0.3063
671,-1,188.2,175.6,123.2,115.0,0.1235
672,-1,178.6,144.1,157.3,173.2,0.3602
672,-1,207.4,225.8,53.4,47.5,0.2770
672,-1,191.6,188.3,105.2,104.7,0.1072
673,-1,209.2,224.2,51.8,46.0,0.3914
673,-1,177.0,136.4,164.4,178.9,0.3446
673,-1,50.9,94.0,103.9,133.0,0.1713
673,-1,125.5,92.4,57.5,18.5,0.1203
674,-1,176.2,131.2,167.0,180.9,0.3517
674,-1,209.9,222.9,52.7,46.2,0.3265
674,-1,43.3,82.5,108.3,143.0,0.1544
674,-1,204.2,210.7,72.3,60.5,0.1139
675,-1,173.2,127.9,172.3,183.9,0.3902
675,-1,209.5,219.8,57.0,47.9,0.2339
675,-1,4.2,70.9,151.4,153.6,0.1187
676,-1,169.6,123.6,180.4,189.7,0.4412
676,-1,210.6,223.6,51.4,45.7,0.2487
676,-1,206.5,210.4,72.3,59.8,0.2089
676,-1,1.2,57.8,141.7,166.0,0.2056
677,-1,166.7,121.8,190.0,194.1,0.4468
677,-1,207.6,213.0,71.4,58.0,0.2831
678,-1,165.7,116.4,182.5,203.7,0.4574
678,-1,208.6,215.3,70.8,59.8,0.3090
678,-1,213.0,228.9,48.0,44.2,0.1591
679,-1,163.7,113.8,188.7,212.1,0.4854
679,-1,208.7,216.9,72.2,63.0,0.4040
680,-1,162.1,110.3,197.7,223.3,0.5071
680,-1,208.5,219.0,76.2,62.9,0.3965
680,-1,213.3,233.7,53.1,46.0,0.2536
680,-1,284.0,148.7,58.3,104.4,0.1390
681,-1,159.0,107.8,208.8,234.5,0.4693
681,-1,209.7,224.5,74.9,60.5,0.3872
681,-1,288.8,151.4,57.5,87.4,0.2209
681,-1,215.0,237.6,52.9,46.0,0.2140
682,-1,157.8,104.9,217.5,246.8,0.4810
682,-1,216.8,242.4,50.0,44.6,0.4070
682,-1,209.5,226.7,78.0,64.0,0.3579
682,-1,291.7,151.2,58.6,102.5,0.1026
683,-1,161.9,108.2,220.4,247.2,0.5324
683,-1,210.6,227.1,81.9,68.0,0.4532
683,-1,219.3,244.8,50.7,46.5,0.3080
683,-1,302.2,155.5,54.0,78.2,0.1971
684,-1,220.5,242.5,49.9,47.3,0.5084
684,-1,209.9,224.5,82.7,67.8,0.4682
684,-1,155.3,99.9,246.2,260.9,0.4028
684,-1,302.4,148.1,59.0,92.3,0.2785
