1,-1,208.7,179.1,119.1,155.8,0.4895
1,-1,115.0,5.0,337.9,389.9,0.1434
2,-1,209.1,177.9,121.1,157.2,0.5143
2,-1,115.4,5.2,337.5,389.7,0.1518
3,-1,210.2,178.0,122.2,157.4,0.5320
3,-1,113.8,4.9,340.2,390.7,0.1634
4,-1,212.3,180.8,120.4,152.5,0.5566
4,-1,112.3,4.6,342.3,391.6,0.1585
5,-1,214.1,182.1,119.9,152.7,0.5077
5,-1,110.3,4.3,346.2,392.4,0.1384
6,-1,217.6,187.9,118.3,149.9,0.4390
6,-1,110.4,4.3,346.8,392.7,0.1255
7,-1,215.4,182.0,131.9,165.0,0.4146
7,-1,232.4,201.1,98.4,121.5,0.1209
7,-1,109.4,4.0,348.8,392.9,0.1145
8,-1,219.2,185.1,127.7,162.6,0.4934
8,-1,106.9,4.0,352.4,393.2,0.1018
9,-1,222.0,191.1,123.4,156.2,0.5676
9,-1,265.5,207.8,66.9,106.7,0.1414
10,-1,225.3,198.2,119.6,152.4,0.5227
10,-1,266.4,211.7,69.5,112.1,0.1015
11,-1,222.3,196.0,130.5,164.2,0.4698
12,-1,224.9,202.1,127.7,159.4,0.5126
12,-1,271.4,219.1,68.8,108.0,0.1588
13,-1,220.7,202.6,134.4,169.3,0.4073
13,-1,271.5,224.5,71.1,111.4,0.1209
14,-1,223.9,211.2,130.2,164.1,0.5048
14,-1,272.7,229.6,70.8,110.9,0.1566
15,-1,220.2,212.3,143.4,173.7,0.4212
15,-1,274.4,232.8,68.0,107.0,0.1450
16,-1,223.3,217.1,133.7,172.4,0.4879
16,-1,275.2,237.5,68.7,111.0,0.1440
17,-1,227.2,223.9,130.0,172.1,0.4013
17,-1,275.6,241.5,69.8,111.4,0.1172
18,-1,219.4,225.2,144.8,175.6,0.4596
18,-1,275.4,244.5,70.8,108.8,0.1245
18,-1,197.5,199.4,182.7,234.0,0.1161
19,-1,220.4,228.8,144.0,177.5,0.3982
19,-1,275.3,248.2,71.7,113.6,0.1047
20,-1,224.5,233.2,132.9,177.8,0.3612
20,-1,200.4,215.7,176.5,223.9,0.1154
20,-1,279.7,258.5,64.6,96.7,0.1072
21,-1,218.1,235.9,141.8,181.9,0.3769
21,-1,272.9,256.3,70.7,109.7,0.1627
22,-1,217.0,237.4,142.5,182.8,0.3418
22,-1,271.3,257.9,71.3,107.6,0.1729
23,-1,216.4,238.1,143.6,183.4,0.3120
23,-1,270.3,258.4,72.1,106.6,0.1650
24,-1,215.6,238.0,144.7,184.7,0.2594
24,-1,269.9,258.1,74.7,107.8,0.1654
25,-1,222.9,243.5,132.2,168.5,0.2342
25,-1,269.5,257.2,74.8,107.3,0.1815
25,-1,198.5,225.0,176.1,213.4,0.1133
26,-1,221.2,238.3,134.6,171.9,0.2529
26,-1,273.9,259.7,68.7,89.7,0.2396
26,-1,197.3,218.4,179.3,222.0,0.1084
27,-1,272.9,254.2,70.2,94.1,0.2783
27,-1,216.1,231.1,141.1,177.2,0.2608
27,-1,214.4,273.9,56.0,120.1,0.1020
28,-1,271.8,249.3,72.9,94.5,0.2697
28,-1,212.3,226.5,147.2,180.7,0.2442
29,-1,274.2,245.2,69.2,88.4,0.3254
29,-1,220.0,226.4,124.3,173.0,0.2326
29,-1,199.6,207.8,177.8,209.8,0.1315
30,-1,273.0,237.2,73.1,93.6,0.3085
30,-1,215.0,215.2,142.7,179.1,0.2393
30,-1,215.0,256.7,54.9,117.2,0.1117
31,-1,275.6,233.1,70.1,88.8,0.3886
31,-1,219.8,215.2,124.4,173.7,0.2121
31,-1,195.7,183.4,187.5,238.3,0.1220
32,-1,274.4,224.1,74.6,93.6,0.3087
32,-1,215.9,202.5,139.2,179.4,0.2036
32,-1,193.2,165.0,194.6,261.8,0.1194
32,-1,219.5,243.1,52.8,117.7,0.1167
33,-1,277.3,220.0,71.9,90.5,0.3229
33,-1,211.6,198.2,145.8,180.4,0.2004
33,-1,219.2,237.8,53.0,116.8,0.1065
34,-1,276.5,212.0,76.0,93.9,0.3900
34,-1,216.8,190.6,136.1,179.3,0.1792
34,-1,219.2,231.1,53.5,116.3,0.1387
35,-1,279.8,208.5,72.6,92.2,0.4313
35,-1,214.0,187.5,138.8,179.4,0.1964
35,-1,218.8,226.0,54.2,115.4,0.1397
35,-1,196.9,158.9,191.0,235.1,0.1041
36,-1,281.4,200.6,74.1,94.3,0.4884
36,-1,219.1,179.7,134.2,180.9,0.1570
36,-1,195.2,139.7,198.1,260.9,0.1302
36,-1,216.8,222.2,55.9,121.6,0.1218
37,-1,281.9,197.6,75.8,95.6,0.5269
37,-1,216.9,176.2,137.7,182.2,0.1830
37,-1,218.1,216.9,58.3,117.9,0.1323
37,-1,193.8,133.5,203.3,271.3,0.1277
38,-1,284.4,193.3,72.8,94.3,0.5262
38,-1,216.5,173.8,136.5,181.1,0.1725
38,-1,193.2,127.3,210.0,280.9,0.1152
38,-1,218.0,214.0,58.1,114.5,0.1047
39,-1,284.3,188.0,76.2,97.0,0.5218
39,-1,220.6,166.1,138.5,185.5,0.1365
39,-1,218.0,211.2,58.5,118.3,0.1040
40,-1,284.3,185.6,77.8,96.9,0.5258
40,-1,219.6,164.1,138.4,186.2,0.1510
40,-1,218.0,206.1,58.3,116.0,0.1193
41,-1,284.7,184.3,79.4,97.5,0.4946
41,-1,217.9,163.3,140.2,186.6,0.1494
41,-1,206.7,134.8,187.6,232.6,0.1050
42,-1,284.0,182.1,80.8,98.9,0.4759
42,-1,201.5,130.7,192.2,237.7,0.1380
42,-1,216.3,163.0,139.6,185.9,0.1305
43,-1,282.7,177.9,82.5,102.7,0.4694
43,-1,199.8,122.4,195.0,247.7,0.1484
43,-1,215.4,164.6,135.1,183.0,0.1043
44,-1,282.4,175.6,83.1,104.5,0.5046
44,-1,198.2,112.6,198.3,260.6,0.1514
45,-1,282.1,175.1,82.9,105.1,0.5153
45,-1,197.0,106.9,201.4,270.0,0.1578
45,-1,212.3,198.7,58.4,119.5,0.1129
46,-1,278.6,171.6,87.6,107.9,0.5767
46,-1,194.6,92.0,209.5,290.5,0.1426
47,-1,277.8,172.0,88.0,109.2,0.5818
47,-1,194.0,101.6,216.4,270.6,0.1455
48,-1,276.2,172.0,88.7,110.4,0.5962
48,-1,192.2,103.3,219.9,270.8,0.1607
49,-1,274.8,172.6,88.8,110.4,0.5938
49,-1,190.3,108.4,219.4,265.9,0.1811
49,-1,209.5,202.8,55.1,121.2,0.1052
50,-1,273.5,172.9,89.4,110.8,0.5869
50,-1,188.2,115.2,217.6,260.6,0.2173
50,-1,207.2,202.1,55.5,119.6,0.1300
51,-1,272.4,171.9,89.8,111.6,0.5932
51,-1,187.0,119.2,217.8,257.2,0.2410
51,-1,205.9,201.1,55.8,120.2,0.1169
52,-1,271.0,169.9,90.3,113.3,0.6257
52,-1,184.4,120.5,228.6,257.9,0.2369
52,-1,201.9,200.5,59.1,128.3,0.1393
53,-1,270.0,168.1,90.0,114.2,0.6313
53,-1,181.7,120.9,240.1,259.3,0.2367
53,-1,200.6,199.3,58.5,129.6,0.1419
54,-1,267.3,165.7,93.4,116.2,0.6325
54,-1,179.6,123.1,243.7,257.9,0.2325
54,-1,198.3,199.4,57.2,127.1,0.2064
55,-1,264.8,164.5,96.0,118.4,0.6397
55,-1,194.9,198.7,58.2,122.8,0.2913
55,-1,177.4,122.4,251.2,260.2,0.2161
56,-1,262.5,163.3,98.1,120.0,0.6274
56,-1,193.0,197.4,58.3,125.4,0.2518
56,-1,175.1,120.6,262.1,263.2,0.2045
57,-1,260.5,160.3,100.2,122.6,0.6191
57,-1,171.4,115.4,279.5,269.6,0.1788
57,-1,190.0,197.1,60.2,123.5,0.1624
58,-1,259.8,157.4,101.6,124.1,0.6367
58,-1,187.3,192.6,63.4,138.1,0.2060
58,-1,168.8,114.0,298.1,274.1,0.1665
59,-1,258.9,154.2,103.0,125.5,0.6784
59,-1,185.8,190.7,64.4,140.1,0.2112
59,-1,167.6,113.1,307.6,277.3,0.1747
60,-1,258.1,151.6,104.3,128.0,0.6925
60,-1,184.4,188.5,63.7,123.8,0.2993
60,-1,166.3,113.3,311.3,277.0,0.1746
61,-1,257.9,149.2,105.0,129.6,0.6600
61,-1,182.5,186.7,64.9,122.1,0.4478
61,-1,164.8,109.5,320.2,283.4,0.1639
62,-1,257.8,146.4,105.6,130.5,0.6223
62,-1,180.8,185.2,65.6,122.4,0.5055
62,-1,163.2,104.3,329.2,294.3,0.1513
63,-1,258.7,150.0,103.2,123.5,0.5760
63,-1,179.9,183.3,65.7,123.2,0.4981
63,-1,162.0,102.0,334.6,303.3,0.1438
64,-1,259.1,147.1,104.6,127.2,0.5587
64,-1,177.7,180.3,67.8,126.1,0.5074
64,-1,156.7,104.8,278.7,275.0,0.1460
65,-1,258.6,143.6,107.0,130.1,0.6298
65,-1,176.4,178.0,69.0,128.6,0.4955
65,-1,155.6,99.7,285.9,282.0,0.1449
65,-1,286.9,152.6,67.8,113.5,0.1067
66,-1,258.6,139.8,109.2,133.7,0.6450
66,-1,175.6,175.6,69.5,130.4,0.4840
66,-1,286.7,151.1,69.5,115.0,0.1532
66,-1,154.9,80.5,294.7,304.7,0.1369
67,-1,258.1,135.9,111.4,137.4,0.6450
67,-1,174.6,173.3,69.7,131.8,0.4859
67,-1,286.0,149.6,71.4,116.6,0.1756
67,-1,154.0,70.5,302.3,318.4,0.1353
68,-1,257.5,133.0,112.9,140.8,0.6466
68,-1,174.6,172.6,68.3,121.2,0.5023
68,-1,284.7,148.4,73.4,118.1,0.1685
68,-1,153.4,75.8,304.6,316.0,0.1413
69,-1,256.7,130.0,114.2,143.5,0.6169
69,-1,170.5,170.4,71.8,130.1,0.4984
69,-1,286.6,147.5,71.8,118.6,0.1994
69,-1,148.5,83.6,294.1,301.3,0.1570
70,-1,256.4,128.8,115.2,145.2,0.5956
70,-1,168.9,168.9,72.5,130.9,0.5098
70,-1,287.6,147.4,71.5,118.8,0.2035
70,-1,146.3,82.6,298.9,303.7,0.1713
70,-1,155.3,156.6,94.5,196.8,0.1057
71,-1,256.0,127.5,115.6,146.1,0.5780
71,-1,166.1,167.2,74.2,133.2,0.4926
71,-1,287.4,145.6,72.3,120.8,0.2282
71,-1,144.2,76.7,300.3,312.6,0.1434
71,-1,153.2,154.8,95.1,195.5,0.1127
72,-1,255.1,126.6,116.5,146.3,0.5816
72,-1,162.6,165.9,76.5,134.5,0.4390
72,-1,285.4,143.9,74.6,122.9,0.2079
72,-1,144.4,83.5,328.4,338.1,0.1263
72,-1,152.0,153.8,94.2,195.1,0.1182
73,-1,248.6,119.5,122.7,158.5,0.5558
73,-1,161.4,166.4,75.7,130.0,0.4277
73,-1,278.1,139.9,83.1,128.0,0.4045
73,-1,141.7,82.9,332.6,344.2,0.1327
73,-1,148.8,153.1,94.6,193.8,0.1064
74,-1,249.7,124.9,118.8,157.3,0.5934
74,-1,155.9,163.6,79.8,138.3,0.4704
74,-1,277.9,138.5,82.2,129.3,0.3911
74,-1,139.6,82.5,336.5,346.6,0.1339
75,-1,248.0,124.1,120.1,159.4,0.5952
75,-1,151.5,160.4,81.2,142.5,0.5321
75,-1,277.5,138.5,82.1,129.9,0.3685
75,-1,135.1,82.9,349.1,368.6,0.1300
76,-1,246.3,123.0,121.0,160.4,0.5745
76,-1,147.9,159.7,81.3,143.4,0.4900
76,-1,277.5,138.2,80.8,130.3,0.3495
76,-1,130.5,78.1,357.1,381.4,0.1237
77,-1,245.2,122.4,121.5,161.4,0.5839
77,-1,137.3,154.8,92.1,156.1,0.4061
77,-1,277.2,136.9,80.5,131.5,0.3049
78,-1,244.0,121.0,122.2,162.8,0.5857
78,-1,139.1,155.7,86.7,149.9,0.4403
78,-1,278.1,135.9,78.8,132.3,0.2660
79,-1,242.7,119.7,123.0,163.5,0.5239
79,-1,134.3,153.1,90.5,155.9,0.4949
79,-1,277.6,133.9,78.3,134.0,0.2098
80,-1,234.4,112.3,127.7,174.9,0.5462
80,-1,123.7,147.7,99.9,165.1,0.4187
80,-1,264.4,131.1,92.6,138.8,0.3642
81,-1,232.2,112.2,128.2,174.3,0.5381
81,-1,119.3,146.5,97.9,166.4,0.4151
81,-1,265.5,131.6,87.0,136.9,0.3464
81,-1,63.4,4.2,370.8,396.7,0.1060
82,-1,230.5,112.7,125.9,172.4,0.5454
82,-1,112.3,144.1,104.2,171.5,0.4308
82,-1,263.6,130.0,85.3,138.6,0.2830
83,-1,228.7,113.6,126.1,173.9,0.4852
83,-1,108.2,145.0,103.8,170.8,0.4408
83,-1,265.8,130.8,80.9,138.6,0.2656
84,-1,220.2,111.0,133.5,178.8,0.4415
84,-1,105.0,143.3,99.9,174.5,0.3739
84,-1,254.5,127.8,94.7,144.4,0.3608
85,-1,218.9,111.2,131.6,181.1,0.4585
85,-1,95.0,139.5,109.5,178.8,0.3911
85,-1,254.0,128.7,91.9,144.3,0.3524
86,-1,217.4,112.6,131.0,181.8,0.4609
86,-1,259.7,133.0,81.7,140.1,0.3686
86,-1,91.0,139.7,108.1,180.9,0.3562
87,-1,213.7,113.7,131.0,180.2,0.3914
87,-1,81.6,138.5,112.5,183.7,0.3607
87,-1,260.5,132.8,77.0,141.4,0.2124
88,-1,221.1,116.8,120.2,163.9,0.3704
88,-1,76.4,139.7,112.6,183.7,0.3074
88,-1,259.7,134.0,74.6,141.1,0.1882
89,-1,203.3,110.3,134.2,186.7,0.3573
89,-1,67.2,136.5,118.6,189.1,0.3140
89,-1,243.7,126.7,89.7,150.1,0.3004
90,-1,231.0,118.1,104.0,162.7,0.3267
90,-1,64.6,138.9,113.8,183.6,0.2970
91,-1,234.4,119.0,97.9,161.1,0.3355
91,-1,197.6,107.6,138.3,190.8,0.3112
91,-1,53.4,135.4,125.2,190.2,0.2874
92,-1,235.4,120.2,95.8,160.0,0.3300
92,-1,195.6,107.2,139.5,191.4,0.3252
92,-1,29.4,135.9,147.0,189.5,0.2384
93,-1,193.9,115.6,145.9,176.1,0.3329
93,-1,28.8,137.0,142.4,185.1,0.3053
93,-1,236.9,119.8,95.0,161.7,0.2982
94,-1,26.0,139.7,141.2,182.1,0.3685
94,-1,192.6,115.4,147.1,177.3,0.3487
94,-1,236.5,120.6,95.7,162.4,0.2705
95,-1,21.9,139.9,143.1,181.5,0.4092
95,-1,192.2,114.8,148.2,178.8,0.3539
95,-1,242.6,125.1,87.5,159.8,0.2602
96,-1,18.6,141.4,144.8,181.8,0.4660
96,-1,192.8,114.8,149.0,179.2,0.3630
96,-1,251.8,130.9,77.0,152.7,0.2841
97,-1,18.0,139.3,145.5,183.4,0.4881
97,-1,195.2,114.8,148.3,179.6,0.3832
97,-1,253.1,130.6,79.0,154.2,0.2716
98,-1,17.7,140.6,146.3,183.4,0.5078
98,-1,199.4,115.1,147.1,181.1,0.3793
98,-1,253.6,129.6,83.4,158.1,0.2724
99,-1,17.1,143.4,148.3,183.9,0.5282
99,-1,204.0,113.9,145.7,182.3,0.3801
99,-1,253.9,127.3,87.1,160.9,0.2616
100,-1,16.6,144.1,150.4,185.8,0.5354
100,-1,207.2,113.3,147.7,185.1,0.3565
100,-1,262.5,131.4,79.5,158.6,0.3324
101,-1,16.8,144.3,152.4,187.1,0.5386
101,-1,210.0,111.3,149.9,187.7,0.3745
101,-1,264.9,131.4,85.0,160.6,0.2244
102,-1,16.9,144.0,154.5,190.0,0.5349
102,-1,211.9,109.6,150.9,189.7,0.3637
102,-1,265.9,128.2,89.4,164.8,0.1997
103,-1,18.4,143.7,156.6,190.4,0.5295
103,-1,212.1,111.4,155.4,190.1,0.4172
103,-1,275.3,131.9,81.5,162.2,0.2562
104,-1,20.3,143.7,158.5,193.0,0.5330
104,-1,216.2,110.8,158.1,192.5,0.3949
104,-1,286.2,134.4,76.0,161.4,0.1831
105,-1,24.9,139.9,157.5,200.3,0.5499
105,-1,223.3,108.8,158.9,197.1,0.3421
105,-1,288.5,136.2,77.8,163.9,0.2147
106,-1,26.3,141.9,157.3,199.4,0.5698
106,-1,229.7,106.0,159.5,203.6,0.3447
106,-1,291.8,134.0,82.3,168.1,0.1517
107,-1,28.7,143.5,157.0,199.1,0.5766
107,-1,233.9,108.6,160.5,201.6,0.3143
107,-1,299.4,136.3,80.3,168.3,0.1708
108,-1,28.5,148.4,162.4,200.2,0.5750
108,-1,236.3,108.1,163.4,207.1,0.3491
109,-1,29.0,148.1,164.6,201.7,0.5659
109,-1,239.7,106.0,167.7,210.8,0.3526
109,-1,310.7,137.5,80.6,171.7,0.1158
110,-1,29.4,148.3,167.1,203.4,0.5626
110,-1,243.7,103.5,171.0,213.3,0.3103
110,-1,326.9,142.0,66.7,94.3,0.1140
111,-1,29.6,148.4,169.5,206.0,0.5687
111,-1,246.7,100.8,174.4,216.5,0.2779
111,-1,333.3,146.4,66.7,89.8,0.1578
112,-1,29.1,148.2,171.8,208.1,0.5719
112,-1,248.5,100.7,177.0,229.7,0.2685
112,-1,336.2,142.4,69.6,98.6,0.1022
113,-1,29.0,150.1,173.3,210.8,0.5819
113,-1,250.1,98.8,184.1,230.2,0.2195
113,-1,343.0,145.6,67.2,94.2,0.1368
114,-1,28.1,150.2,175.5,215.8,0.5796
114,-1,264.9,104.7,174.5,216.2,0.2534
114,-1,347.2,145.7,71.8,100.1,0.2097
114,-1,233.2,43.0,219.2,322.6,0.1356
114,-1,308.2,114.7,125.9,179.3,0.1274
115,-1,27.2,150.3,177.5,219.3,0.5742
115,-1,266.0,104.5,180.5,228.4,0.2904
115,-1,349.7,148.5,76.1,100.9,0.1687
115,-1,310.2,115.6,129.8,180.8,0.1228
115,-1,233.2,37.1,224.5,343.0,0.1142
116,-1,26.2,151.4,179.3,223.2,0.5820
116,-1,265.4,103.3,193.1,249.4,0.2967
117,-1,25.6,152.1,180.5,226.9,0.5836
117,-1,269.1,102.2,199.6,248.3,0.2855
117,-1,359.5,156.0,80.9,97.5,0.2257
118,-1,24.9,152.5,181.9,229.0,0.5766
118,-1,269.8,100.5,210.3,259.9,0.2984
118,-1,363.9,158.1,84.8,102.0,0.1368
119,-1,23.6,153.1,184.0,235.3,0.5687
119,-1,269.5,98.8,215.4,264.0,0.3034
119,-1,372.4,160.1,83.8,98.0,0.1355
119,-1,361.2,150.0,105.4,153.2,0.1030
120,-1,22.5,153.1,185.8,236.6,0.5589
120,-1,262.2,95.4,231.0,290.0,0.3136
120,-1,375.5,162.0,85.3,99.4,0.2129
120,-1,370.0,157.5,97.6,153.7,0.1048
121,-1,21.1,153.3,188.1,239.2,0.5474
121,-1,290.0,105.1,209.7,254.3,0.3385
121,-1,248.7,81.8,257.1,352.6,0.1922
121,-1,379.1,161.8,90.1,102.9,0.1601
122,-1,19.6,152.5,189.6,244.7,0.5352
122,-1,290.9,103.0,212.6,262.3,0.3773
122,-1,249.1,78.7,258.8,369.0,0.2096
122,-1,389.1,164.9,84.5,103.1,0.1955
123,-1,18.6,152.5,192.7,247.8,0.5320
123,-1,290.4,101.2,215.0,269.4,0.4075
123,-1,249.4,73.0,260.3,382.6,0.2296
123,-1,399.4,165.7,79.0,95.9,0.2126
123,-1,433.7,187.2,44.5,41.2,0.1008
124,-1,17.5,150.2,195.9,250.0,0.5274
124,-1,290.3,100.6,217.0,274.2,0.3991
124,-1,390.0,162.3,101.2,110.0,0.3579
124,-1,249.6,63.6,261.7,397.1,0.2353
124,-1,436.7,188.9,48.3,44.1,0.1654
125,-1,9.5,147.3,204.9,257.3,0.5345
125,-1,304.4,102.1,207.6,262.6,0.4397
125,-1,442.3,190.9,46.3,42.5,0.3463
125,-1,396.0,163.0,100.6,108.2,0.3134
125,-1,251.0,57.6,260.9,404.2,0.2479
126,-1,9.3,148.0,206.4,258.5,0.5579
126,-1,299.8,99.6,212.2,280.2,0.4663
126,-1,447.0,189.9,48.3,42.6,0.3942
126,-1,404.3,165.3,102.1,101.3,0.3699
126,-1,251.7,51.2,260.3,416.6,0.2209
127,-1,8.8,149.0,206.6,257.1,0.5827
127,-1,449.3,189.1,49.1,41.8,0.4425
127,-1,294.1,96.8,217.9,293.5,0.3608
127,-1,402.5,160.2,109.3,106.8,0.2846
127,-1,252.1,47.8,259.8,424.4,0.1783
128,-1,6.2,148.7,211.0,252.6,0.5997
128,-1,453.2,191.1,46.0,42.4,0.4065
128,-1,411.6,165.0,100.4,104.5,0.3462
128,-1,297.5,97.1,214.5,291.8,0.2363
128,-1,252.1,47.4,259.9,423.6,0.1535
128,-1,13.9,223.6,56.3,116.5,0.1269
129,-1,3.7,149.2,214.6,251.7,0.6177
129,-1,411.1,162.1,100.9,106.7,0.4040
129,-1,454.9,189.1,45.6,43.0,0.3525
129,-1,299.0,96.7,213.0,283.9,0.1941
129,-1,252.2,41.6,259.7,432.2,0.1253
130,-1,0.0,149.5,219.4,253.5,0.6390
130,-1,410.1,159.1,101.9,109.1,0.4522
130,-1,455.0,188.5,47.6,42.2,0.3408
130,-1,298.9,93.6,213.1,282.5,0.2327
130,-1,252.3,35.8,259.7,440.0,0.1164
130,-1,4.1,177.6,82.4,180.2,0.1079
131,-1,0.0,149.4,219.9,259.0,0.6118
131,-1,409.5,160.0,102.5,109.3,0.4296
131,-1,455.4,189.0,49.9,42.5,0.3783
131,-1,300.4,90.9,211.6,288.8,0.2447
131,-1,252.1,32.0,259.9,442.5,0.1147
132,-1,0.0,149.6,219.6,265.3,0.6069
132,-1,408.4,155.5,103.6,113.5,0.4742
132,-1,455.8,187.8,49.3,43.1,0.3375
132,-1,301.1,78.0,210.9,301.2,0.2235
132,-1,250.6,24.7,261.4,450.8,0.1131
133,-1,0.0,148.6,216.3,263.1,0.6057
133,-1,409.2,155.4,102.8,114.5,0.4037
133,-1,456.4,188.5,51.3,42.1,0.3831
133,-1,302.0,75.8,210.0,308.7,0.2231
133,-1,250.2,24.0,261.8,450.8,0.1119
134,-1,0.0,149.2,219.1,261.2,0.6250
134,-1,412.2,155.6,99.8,114.9,0.3535
134,-1,459.6,188.4,51.6,43.2,0.3135
134,-1,302.0,72.8,210.0,316.6,0.1858
134,-1,250.1,23.9,261.9,449.4,0.1093
135,-1,0.0,143.8,219.0,265.5,0.6116
135,-1,413.4,153.5,98.6,116.8,0.4036
135,-1,461.2,187.1,50.4,43.9,0.3764
135,-1,289.7,57.4,222.3,316.5,0.1571
135,-1,250.8,23.6,261.2,449.2,0.1033
136,-1,0.0,129.7,217.8,278.8,0.5986
136,-1,417.1,151.6,94.9,118.6,0.4104
136,-1,464.7,184.2,46.8,43.6,0.3565
136,-1,302.2,68.9,209.8,303.7,0.1584
136,-1,253.2,26.8,258.8,441.0,0.1097
137,-1,0.0,120.2,219.4,288.7,0.5352
137,-1,417.3,144.3,94.7,125.2,0.4337
137,-1,466.0,178.8,46.0,45.1,0.2993
137,-1,352.0,82.5,160.0,244.6,0.1340
137,-1,286.9,38.1,225.1,339.6,0.1277
138,-1,0.0,108.5,220.8,302.7,0.4509
138,-1,423.0,145.1,89.0,120.2,0.3617
138,-1,468.8,174.1,42.8,46.6,0.3247
138,-1,355.4,85.6,156.6,239.3,0.1227
138,-1,281.7,43.0,230.3,358.6,0.1177
139,-1,426.9,142.6,85.1,121.3,0.4209
139,-1,0.0,97.4,222.7,316.1,0.3722
139,-1,369.6,107.0,142.4,180.2,0.1438
139,-1,281.2,41.9,230.8,359.3,0.1176
140,-1,427.6,139.0,84.4,125.0,0.4553
140,-1,0.0,39.8,228.6,371.1,0.2918
140,-1,371.7,104.1,140.3,182.7,0.1648
140,-1,449.4,153.4,62.6,100.8,0.1623
140,-1,281.1,41.3,230.9,362.6,0.1211
141,-1,434.1,141.8,77.6,117.8,0.4363
141,-1,0.0,36.6,227.5,377.9,0.3163
141,-1,374.5,103.7,137.5,181.3,0.1596
141,-1,281.6,39.2,230.4,367.0,0.1331
141,-1,458.6,149.9,53.4,96.8,0.1004
142,-1,439.9,142.7,71.8,116.9,0.4015
142,-1,0.0,25.9,231.1,386.4,0.2522
142,-1,378.7,104.1,133.3,180.8,0.1641
142,-1,281.5,36.1,230.5,373.4,0.1310
143,-1,447.5,149.0,64.0,107.6,0.3379
143,-1,0.0,26.5,232.4,380.5,0.2728
143,-1,381.1,100.3,130.8,183.2,0.1401
143,-1,281.3,34.4,230.7,375.2,0.1387
144,-1,450.4,148.8,61.6,107.3,0.3646
144,-1,0.0,22.0,233.5,386.8,0.2782
144,-1,281.2,32.7,230.8,375.7,0.1470
144,-1,386.1,97.8,125.8,184.0,0.1341
145,-1,449.7,146.3,62.3,116.6,0.4254
145,-1,0.9,11.5,233.4,375.3,0.2600
145,-1,260.9,12.6,251.1,371.4,0.1607
145,-1,389.3,99.4,122.6,187.8,0.1490
146,-1,448.2,142.6,63.8,120.1,0.4153
146,-1,0.2,2.9,234.6,353.9,0.2730
146,-1,258.2,11.7,253.8,371.7,0.1625
146,-1,389.0,99.2,123.0,185.7,0.1573
147,-1,447.4,142.6,64.6,112.7,0.3715
147,-1,0.0,3.3,228.3,349.4,0.2445
147,-1,386.8,96.9,125.2,180.5,0.1605
147,-1,255.2,11.8,256.8,371.3,0.1512
148,-1,439.3,133.0,72.4,116.9,0.4078
148,-1,0.0,18.0,210.6,389.1,0.2371
148,-1,252.2,12.3,259.8,370.4,0.1285
148,-1,382.5,95.7,129.5,174.9,0.1211
149,-1,439.2,129.2,72.4,117.2,0.4193
149,-1,0.0,34.7,201.3,369.3,0.2302
149,-1,369.8,79.6,142.2,219.4,0.1682
149,-1,252.9,25.3,259.0,380.8,0.1151
150,-1,418.4,115.1,93.6,137.9,0.5587
150,-1,442.1,136.3,69.3,106.2,0.4044
150,-1,364.5,82.6,147.5,212.3,0.2187
150,-1,0.0,41.9,186.5,356.5,0.1635
151,-1,402.7,109.0,109.3,143.7,0.5028
151,-1,424.7,139.1,86.8,103.2,0.2733
151,-1,0.0,63.6,165.8,326.0,0.1652
151,-1,360.5,84.1,151.5,201.9,0.1191
152,-1,431.7,153.9,54.6,47.0,0.4218
152,-1,0.0,82.5,149.8,314.2,0.1773
152,-1,383.3,104.8,128.7,146.9,0.1683
153,-1,412.5,158.0,53.9,47.8,0.3800
154,-1,389.4,159.5,55.4,48.7,0.3139
154,-1,365.0,121.5,117.6,124.4,0.1816
155,-1,369.3,164.6,53.9,47.9,0.3664
155,-1,343.9,127.4,115.3,125.0,0.2436
156,-1,347.6,169.0,52.5,47.6,0.3104
156,-1,322.5,131.3,111.7,123.9,0.2112
157,-1,322.8,171.4,55.4,48.9,0.2632
157,-1,300.9,134.3,109.5,123.4,0.1136
158,-1,303.9,176.4,49.9,46.8,0.3277
158,-1,281.9,138.8,108.3,122.7,0.2195
158,-1,197.4,51.9,314.6,323.2,0.1700
158,-1,296.2,168.0,63.5,61.6,0.1024
159,-1,259.8,143.5,108.3,125.4,0.2271
159,-1,173.3,55.9,338.7,341.1,0.1921
159,-1,280.3,180.0,55.4,49.0,0.1541
160,-1,152.9,82.0,359.1,316.9,0.2979
160,-1,233.9,85.1,271.5,218.9,0.2620
160,-1,260.7,184.0,54.3,49.2,0.1787
160,-1,241.3,146.6,108.2,130.1,0.1580
161,-1,172.4,92.3,326.5,244.7,0.2370
161,-1,240.1,185.7,58.1,51.7,0.1661
161,-1,221.1,149.3,110.9,127.7,0.1470
162,-1,226.7,190.5,50.8,47.9,0.2706
162,-1,206.4,152.9,107.7,124.7,0.2625
162,-1,136.6,92.3,347.8,269.0,0.2138
162,-1,214.4,89.8,258.1,214.2,0.1239
163,-1,214.7,194.1,51.9,47.2,0.2586
163,-1,192.1,155.2,110.5,128.3,0.2527
163,-1,150.0,95.6,320.0,249.7,0.2096
164,-1,203.0,197.3,53.5,48.8,0.2773
164,-1,105.2,93.3,362.2,292.3,0.2014
164,-1,180.5,157.9,113.5,125.5,0.1457
165,-1,195.8,201.0,53.0,47.6,0.2918
165,-1,113.5,97.6,343.6,272.5,0.2332
165,-1,173.2,159.1,111.2,124.9,0.1832
166,-1,164.2,165.2,115.4,130.2,0.3262
166,-1,189.8,205.5,51.8,48.6,0.2953
166,-1,127.4,99.9,323.4,261.7,0.2307
167,-1,183.0,209.8,54.8,49.0,0.2868
167,-1,158.8,167.8,116.3,129.9,0.2392
167,-1,135.1,101.0,313.0,255.3,0.2308
168,-1,182.4,214.8,52.3,49.4,0.3033
168,-1,138.5,102.0,308.3,259.0,0.2125
168,-1,158.3,171.3,112.0,125.1,0.1833
169,-1,181.6,221.3,50.5,47.9,0.3204
169,-1,137.5,102.7,310.5,261.7,0.2144
169,-1,156.2,177.0,114.3,128.2,0.1881
170,-1,179.8,223.5,53.2,48.5,0.3500
170,-1,138.5,103.8,312.3,263.4,0.1911
171,-1,181.1,228.2,52.2,49.1,0.3345
171,-1,139.7,104.4,317.1,258.4,0.1845
171,-1,157.7,183.4,112.9,127.3,0.1544
172,-1,182.0,232.0,54.4,50.9,0.3152
172,-1,156.8,186.5,116.3,134.1,0.2535
172,-1,164.0,108.9,297.3,244.2,0.1737
173,-1,183.0,236.0,54.2,48.8,0.2962
173,-1,156.7,108.9,314.7,255.4,0.1967
173,-1,156.9,191.8,118.4,132.1,0.1396
174,-1,184.6,241.1,53.5,49.5,0.3589
174,-1,160.2,194.4,117.9,134.4,0.2692
174,-1,149.8,112.1,329.6,264.4,0.1969
175,-1,186.3,244.9,52.8,48.9,0.3865
175,-1,202.3,118.9,283.6,242.5,0.2702
175,-1,161.3,197.5,119.8,141.0,0.2641
175,-1,130.3,111.4,369.2,314.9,0.1274
176,-1,188.9,249.3,53.8,49.9,0.3149
176,-1,192.6,116.6,304.3,263.3,0.3121
177,-1,190.9,253.8,53.9,49.7,0.3131
177,-1,186.7,109.6,317.0,278.8,0.2943
177,-1,164.0,207.0,124.1,137.7,0.1059
178,-1,191.4,256.8,53.7,49.9,0.4318
178,-1,226.1,108.7,283.8,283.9,0.2764
178,-1,166.6,207.4,119.8,138.6,0.2000
179,-1,193.0,261.5,53.3,50.6,0.3637
179,-1,219.1,104.0,292.9,300.5,0.3596
179,-1,166.7,211.6,122.9,138.5,0.1476
180,-1,217.9,104.1,294.1,310.8,0.3322
180,-1,191.9,263.6,56.1,52.3,0.2469
181,-1,191.8,267.2,53.0,51.7,0.4108
181,-1,222.5,97.6,289.5,322.8,0.2410
181,-1,168.1,220.3,119.1,135.1,0.1086
182,-1,190.2,268.3,54.3,52.0,0.4224
182,-1,200.8,78.2,311.2,359.4,0.1346
182,-1,166.0,219.1,121.1,138.6,0.1312
183,-1,189.2,270.1,55.2,51.9,0.3106
183,-1,158.4,219.7,134.1,152.9,0.1790
184,-1,186.4,273.9,55.5,52.1,0.3562
184,-1,155.3,219.9,136.2,154.9,0.2268
185,-1,183.6,274.0,55.3,53.7,0.3715
185,-1,153.7,220.6,134.3,151.8,0.2157
185,-1,178.5,10.6,332.7,347.2,0.1490
186,-1,180.7,274.3,56.5,54.0,0.2913
186,-1,151.0,219.9,133.4,144.6,0.2162
186,-1,182.5,10.7,327.9,345.4,0.1326
187,-1,177.1,274.9,55.9,53.6,0.2947
187,-1,183.6,11.0,326.2,345.6,0.1202
188,-1,171.8,275.7,57.0,54.1,0.2872
188,-1,140.0,220.0,139.3,152.4,0.1062
188,-1,186.1,7.2,325.0,307.2,0.1038
189,-1,168.4,274.7,56.1,55.5,0.2743
189,-1,134.7,219.0,140.7,146.4,0.1314
190,-1,160.5,274.8,59.4,54.8,0.2798
191,-1,155.7,274.5,57.4,54.1,0.2797
191,-1,123.0,216.9,145.6,153.3,0.1440
192,-1,150.0,280.8,58.1,48.4,0.2705
193,-1,144.6,277.4,58.2,50.9,0.2236
194,-1,138.1,278.7,58.9,50.6,0.2433
195,-1,132.0,279.5,57.2,49.6,0.2257
196,-1,124.7,266.1,62.9,69.4,0.4175
197,-1,121.1,265.6,64.4,68.2,0.3520
197,-1,120.0,282.3,56.7,46.9,0.1457
198,-1,112.0,265.5,64.3,71.3,0.4552
198,-1,113.5,283.8,60.3,45.3,0.2538
199,-1,108.0,264.7,65.0,69.9,0.4423
199,-1,106.7,284.9,60.8,44.2,0.2359
200,-1,98.1,264.8,66.4,73.1,0.4789
200,-1,100.3,287.0,60.0,42.6,0.3294
200,-1,37.1,200.2,185.2,183.9,0.1607
201,-1,95.0,265.5,66.1,72.3,0.4630
201,-1,95.2,291.8,58.2,40.6,0.3942
201,-1,34.0,198.4,178.6,185.6,0.1318
202,-1,84.6,266.2,68.8,75.4,0.4741
202,-1,88.6,293.0,58.2,40.8,0.3671
202,-1,14.5,199.9,196.7,184.7,0.2271
203,-1,81.5,295.0,57.7,42.1,0.4915
203,-1,78.4,268.1,70.2,74.6,0.4191
203,-1,12.9,198.2,185.4,189.0,0.2279
204,-1,75.3,298.5,58.3,42.4,0.5058
204,-1,70.8,273.6,69.8,73.1,0.4467
204,-1,10.1,198.3,187.9,201.5,0.3823
205,-1,71.0,299.8,59.3,43.6,0.6039
205,-1,67.1,274.0,71.3,74.7,0.6013
205,-1,6.1,198.7,189.0,207.1,0.4225
206,-1,66.2,276.9,72.3,76.6,0.5625
206,-1,70.0,303.4,58.7,43.8,0.4876
206,-1,3.0,199.4,192.2,211.2,0.4398
207,-1,65.1,275.2,73.4,77.1,0.6399
207,-1,69.9,301.7,58.9,44.9,0.5093
207,-1,2.1,197.0,193.5,216.0,0.4337
208,-1,66.4,276.1,74.6,78.7,0.6497
208,-1,2.8,197.6,196.2,216.1,0.4442
208,-1,73.2,305.1,58.2,43.6,0.4291
209,-1,79.1,305.9,55.4,43.4,0.5149
209,-1,69.3,275.3,77.9,81.9,0.5127
209,-1,4.4,196.7,197.1,217.7,0.4589
210,-1,77.1,274.0,75.8,79.5,0.7049
210,-1,84.2,303.1,57.7,45.4,0.5503
210,-1,6.8,194.2,200.2,218.3,0.4636
211,-1,91.3,298.9,62.7,47.5,0.5605
211,-1,84.3,273.1,77.3,79.5,0.5132
211,-1,9.9,193.1,205.5,217.8,0.3775
212,-1,101.8,296.9,57.7,47.1,0.5721
212,-1,93.4,268.7,75.5,82.2,0.5461
212,-1,21.0,182.9,203.5,229.0,0.2664
213,-1,103.4,264.7,78.4,84.9,0.6943
213,-1,112.9,294.3,58.4,48.2,0.5701
213,-1,27.0,180.5,210.2,215.9,0.4050
214,-1,115.7,263.7,75.8,84.2,0.7157
214,-1,122.8,291.4,61.3,49.1,0.5996
214,-1,33.0,178.2,215.2,222.6,0.3323
215,-1,128.2,261.2,76.0,84.9,0.7775
215,-1,136.7,288.9,60.0,50.2,0.5627
215,-1,45.6,176.0,216.2,224.5,0.3586
216,-1,141.9,256.8,73.8,83.4,0.6180
216,-1,148.3,284.6,60.5,49.7,0.5551
216,-1,57.3,171.4,215.0,231.8,0.3358
217,-1,152.4,250.8,77.1,86.1,0.6702
217,-1,162.5,280.3,58.7,49.4,0.6391
217,-1,68.5,164.4,218.5,243.6,0.2758
218,-1,164.4,247.7,77.7,85.4,0.6576
218,-1,176.0,273.5,58.5,51.1,0.5897
218,-1,79.3,156.3,221.0,256.3,0.2993
219,-1,179.7,241.9,75.9,87.0,0.5870
219,-1,188.0,264.0,61.0,57.9,0.5807
219,-1,92.3,154.3,216.5,249.6,0.1675
220,-1,190.5,236.2,78.4,87.9,0.7082
220,-1,200.5,259.7,63.4,57.4,0.5778
220,-1,103.6,146.4,223.3,239.6,0.2901
221,-1,216.5,255.3,60.6,55.1,0.6222
221,-1,205.1,228.9,78.6,89.6,0.5517
221,-1,116.8,138.0,227.5,249.7,0.1876
222,-1,214.7,223.0,83.8,91.4,0.6680
222,-1,228.4,251.1,62.5,55.3,0.5784
222,-1,128.3,129.9,229.9,266.1,0.2978
223,-1,240.5,247.1,61.5,55.7,0.5946
223,-1,228.3,219.4,81.0,91.0,0.4421
223,-1,141.3,127.2,232.2,268.3,0.1303
224,-1,251.0,245.7,58.5,52.5,0.6356
224,-1,239.4,217.7,79.8,89.4,0.2814
225,-1,256.5,235.6,63.6,59.2,0.6213
225,-1,240.0,207.3,90.8,96.7,0.3981
226,-1,264.4,233.7,64.0,57.9,0.6082
226,-1,239.2,198.9,105.0,114.6,0.2348
227,-1,269.8,232.5,64.8,57.8,0.6352
227,-1,249.1,199.2,98.7,105.8,0.2526
228,-1,273.2,231.3,65.6,59.0,0.6624
228,-1,286.0,93.5,56.8,41.4,0.3085
228,-1,249.0,196.3,107.1,112.9,0.2306
228,-1,219.9,90.1,124.7,55.5,0.1640
229,-1,275.2,229.2,66.8,60.9,0.6298
229,-1,290.9,88.2,55.5,40.8,0.4547
229,-1,219.1,84.1,127.1,62.5,0.2605
229,-1,249.0,194.6,110.3,117.8,0.2296
229,-1,262.8,84.7,85.2,52.8,0.1164
230,-1,276.6,231.2,66.7,59.8,0.6091
230,-1,222.0,79.1,128.8,58.6,0.4870
230,-1,297.2,85.0,49.2,39.3,0.4549
230,-1,279.7,83.1,69.5,47.2,0.2279
230,-1,248.4,193.7,112.3,120.9,0.2169
231,-1,276.7,232.2,67.4,59.7,0.6031
231,-1,294.1,78.0,56.2,44.4,0.5579
231,-1,248.2,193.9,115.4,123.9,0.1765
231,-1,225.9,74.3,127.5,62.1,0.1012
232,-1,272.9,231.2,71.6,63.8,0.6574
232,-1,298.6,75.8,53.7,45.9,0.6186
232,-1,248.0,195.5,117.0,116.1,0.1881
232,-1,225.4,71.1,129.6,66.1,0.1780
233,-1,274.4,238.8,70.2,59.6,0.6557
233,-1,301.1,70.9,53.4,50.8,0.5987
233,-1,228.8,67.5,128.4,68.8,0.4424
233,-1,247.8,199.5,116.6,134.0,0.1149
234,-1,272.3,238.9,71.1,62.8,0.6294
234,-1,292.5,66.5,62.8,55.5,0.5991
234,-1,220.1,64.3,141.5,66.3,0.2965
234,-1,255.0,207.7,104.8,108.7,0.1546
234,-1,277.3,278.7,46.9,26.5,0.1225
235,-1,291.4,64.6,64.3,58.3,0.6583
235,-1,271.2,241.0,72.6,63.9,0.6371
235,-1,251.4,202.5,113.4,120.5,0.2446
235,-1,222.5,61.1,140.3,70.8,0.1398
235,-1,275.6,285.3,45.9,22.9,0.1257
236,-1,268.3,241.6,72.4,66.9,0.6542
236,-1,295.5,62.2,59.7,59.4,0.6243
236,-1,221.0,56.2,146.3,89.5,0.2469
236,-1,248.3,200.9,119.8,122.7,0.2114
237,-1,266.5,246.7,73.5,64.6,0.6300
237,-1,289.1,57.7,64.4,65.3,0.5957
237,-1,216.0,53.2,154.9,92.8,0.3107
238,-1,266.3,248.4,71.0,67.7,0.6794
238,-1,286.6,56.9,66.0,65.7,0.5510
238,-1,214.5,50.5,159.6,95.8,0.1658
238,-1,240.2,216.1,122.3,125.3,0.1065
239,-1,261.6,252.7,72.7,68.7,0.6848
239,-1,287.5,55.6,66.3,68.6,0.5787
239,-1,238.5,218.2,125.1,124.3,0.1338
240,-1,287.8,53.3,66.9,71.6,0.6020
240,-1,259.7,258.1,73.2,66.2,0.5972
240,-1,235.4,214.9,130.4,128.8,0.1405
241,-1,257.9,259.8,73.6,70.4,0.6358
241,-1,287.9,49.6,67.5,75.7,0.5953
242,-1,287.9,45.9,69.7,83.6,0.7353
242,-1,254.5,263.6,83.4,77.3,0.6601
243,-1,284.8,43.3,72.9,86.7,0.7934
243,-1,252.0,267.0,83.9,78.7,0.6532
244,-1,283.1,41.4,74.8,89.8,0.7928
244,-1,251.1,269.6,81.3,81.3,0.6368
245,-1,280.4,39.6,77.5,92.5,0.8049
245,-1,248.9,275.5,83.3,80.8,0.7053
245,-1,237.3,28.3,134.5,124.5,0.1231
245,-1,201.6,207.7,174.4,200.9,0.1003
246,-1,278.5,39.2,78.5,93.3,0.7939
246,-1,247.2,281.6,78.3,75.9,0.5262
246,-1,237.4,26.3,133.0,127.2,0.1443
246,-1,205.5,218.9,169.3,189.4,0.1263
247,-1,278.8,37.9,79.6,95.5,0.7842
247,-1,243.5,281.9,86.3,86.5,0.6408
247,-1,239.8,25.7,131.4,126.9,0.1439
247,-1,194.8,223.2,177.0,191.4,0.1314
248,-1,280.7,37.1,78.8,97.6,0.7741
248,-1,240.8,289.5,87.6,86.2,0.6009
248,-1,188.9,223.0,183.3,195.0,0.1112
249,-1,280.0,36.4,80.4,98.6,0.7358
249,-1,240.0,293.8,84.2,87.2,0.4972
250,-1,277.7,35.1,82.1,100.0,0.7134
250,-1,237.4,299.2,87.1,85.6,0.4183
251,-1,276.5,31.8,85.8,104.2,0.6337
251,-1,234.3,304.4,86.7,87.0,0.3391
251,-1,181.9,233.9,189.5,205.2,0.1126
252,-1,273.5,30.1,89.0,107.8,0.6855
252,-1,228.2,310.4,90.9,88.4,0.4970
252,-1,178.2,234.1,192.6,209.3,0.1240
253,-1,272.8,29.3,88.7,111.0,0.6722
253,-1,225.5,316.4,90.7,87.9,0.4947
253,-1,234.0,5.6,155.2,159.7,0.1071
254,-1,272.0,28.6,90.5,112.9,0.6226
254,-1,218.8,321.8,95.5,94.7,0.3726
254,-1,158.0,240.1,214.0,221.4,0.1578
254,-1,232.1,5.0,158.0,162.1,0.1090
255,-1,261.7,26.0,100.3,116.5,0.5812
255,-1,217.1,330.4,93.0,93.4,0.4151
255,-1,161.7,253.0,202.5,220.3,0.1006
256,-1,256.7,23.7,106.5,122.5,0.5564
256,-1,211.3,336.9,94.9,98.5,0.3826
256,-1,221.4,396.5,49.0,34.5,0.2020
256,-1,275.6,36.1,71.0,104.3,0.1110
256,-1,153.1,255.6,212.0,231.1,0.1098
257,-1,216.0,408.2,48.6,35.2,0.5458
257,-1,259.1,29.2,95.6,120.4,0.4261
257,-1,205.9,349.1,95.7,96.1,0.2974
257,-1,136.5,252.9,242.1,245.2,0.1710
258,-1,210.4,420.1,50.2,36.7,0.5474
258,-1,246.6,26.3,108.8,128.0,0.3824
258,-1,199.2,360.7,94.7,100.9,0.2773
258,-1,139.4,269.0,221.0,236.4,0.1965
258,-1,232.0,364.7,66.5,87.7,0.1182
259,-1,203.7,427.8,51.1,40.0,0.5861
259,-1,244.9,26.2,107.1,129.0,0.4422
259,-1,190.9,361.7,100.4,110.1,0.3615
259,-1,133.5,274.8,228.5,231.9,0.1835
259,-1,194.1,5.7,188.3,180.0,0.1031
259,-1,264.6,41.7,73.6,109.1,0.1027
260,-1,197.5,430.5,51.9,39.7,0.6808
260,-1,244.6,24.9,105.0,127.8,0.3493
260,-1,280.5,39.7,51.5,73.0,0.2533
260,-1,185.1,370.7,101.4,104.8,0.2365
260,-1,127.9,278.4,225.8,228.2,0.1981
260,-1,149.2,0.9,257.8,197.4,0.1188
260,-1,268.8,36.6,64.6,97.9,0.1069
261,-1,193.0,429.9,51.9,42.4,0.6590
261,-1,241.1,8.8,111.3,136.7,0.4462
261,-1,177.4,368.3,111.5,117.5,0.2949
261,-1,280.5,32.9,52.7,72.3,0.2116
261,-1,145.1,0.9,267.7,194.0,0.1686
261,-1,131.9,351.7,189.8,152.3,0.1291
261,-1,112.8,255.9,271.6,253.3,0.1134
262,-1,187.9,424.8,54.7,44.7,0.5664
262,-1,240.4,1.7,114.3,132.9,0.3762
262,-1,139.1,1.5,259.4,187.3,0.2765
262,-1,177.9,376.0,85.1,99.0,0.2539
262,-1,281.0,18.5,53.7,76.3,0.2233
262,-1,172.1,361.9,115.1,129.6,0.1400
263,-1,184.3,417.5,54.1,45.4,0.5948
263,-1,141.9,1.1,281.2,175.0,0.4097
263,-1,237.1,0.0,122.3,122.4,0.3288
263,-1,172.5,361.9,90.2,110.8,0.1583
264,-1,183.9,409.9,53.7,46.1,0.6337
264,-1,288.9,7.2,58.2,56.4,0.2931
264,-1,231.6,0.0,130.2,108.2,0.2904
264,-1,168.2,349.9,115.6,121.0,0.2208
264,-1,134.7,0.7,243.5,160.2,0.1924
265,-1,183.6,400.7,53.7,43.3,0.6031
265,-1,289.4,4.0,57.8,41.7,0.4151
265,-1,226.7,1.6,137.4,87.6,0.3109
265,-1,165.6,340.1,114.7,127.4,0.1766
266,-1,182.6,389.0,54.4,43.3,0.5628
266,-1,299.5,4.0,40.0,23.3,0.3031
266,-1,169.4,337.5,88.2,112.5,0.1374
266,-1,105.6,312.0,195.5,184.9,0.1043
267,-1,183.0,376.9,54.6,43.5,0.5142
267,-1,259.8,3.6,103.2,43.4,0.5036
267,-1,101.9,305.7,197.6,179.1,0.1176
267,-1,169.3,327.7,89.7,111.4,0.1151
268,-1,182.6,363.4,55.5,46.1,0.4168
268,-1,139.3,1.2,372.7,97.3,0.3228
268,-1,156.9,298.8,142.9,145.8,0.1559
268,-1,99.9,288.5,203.0,179.7,0.1212
268,-1,168.6,313.1,91.7,115.4,0.1154
268,-1,234.3,0.1,137.0,23.6,0.1001
269,-1,179.0,347.8,61.8,49.1,0.2591
269,-1,159.2,283.9,140.6,148.6,0.1845
269,-1,168.6,0.0,343.4,80.3,0.1809
270,-1,179.6,333.8,62.7,49.8,0.3644
270,-1,162.4,274.9,139.9,143.1,0.3135
271,-1,179.8,320.6,63.1,50.4,0.2656
271,-1,163.2,258.5,138.8,149.6,0.1949
272,-1,166.6,250.6,137.1,142.0,0.3699
272,-1,186.8,314.7,48.1,43.7,0.2677
272,-1,181.3,305.8,66.4,52.8,0.1207
273,-1,190.0,301.6,51.5,44.4,0.4743
273,-1,163.8,236.5,143.2,148.6,0.2715
274,-1,194.0,285.5,47.9,48.4,0.6105
274,-1,168.6,228.9,136.8,148.0,0.2640
275,-1,198.3,268.7,47.8,46.7,0.5382
275,-1,174.8,209.3,124.9,143.1,0.2600
276,-1,201.2,256.9,47.6,45.7,0.6120
276,-1,179.6,192.7,128.8,140.1,0.2567
276,-1,193.0,247.7,65.2,56.5,0.1122
277,-1,203.4,246.0,51.8,44.0,0.5200
277,-1,177.7,174.5,149.6,161.6,0.3462
278,-1,204.5,235.2,50.0,47.4,0.5455
278,-1,177.8,159.4,151.3,159.6,0.3125
279,-1,178.6,148.1,152.8,169.1,0.3923
279,-1,204.1,225.6,53.5,48.2,0.3499
279,-1,62.3,121.7,93.2,134.1,0.1596
279,-1,188.9,187.8,105.1,99.4,0.1175
280,-1,206.9,221.8,49.5,44.3,0.3127
280,-1,175.1,135.9,157.6,175.3,0.2899
280,-1,52.2,105.8,98.5,141.4,0.1452
280,-1,195.4,210.2,74.9,61.0,0.1150
281,-1,175.2,124.3,158.0,182.3,0.3777
281,-1,45.2,86.2,104.6,137.9,0.2856
281,-1,206.0,213.6,54.4,47.4,0.1897
281,-1,197.7,205.4,72.5,60.2,0.1040
282,-1,173.0,114.5,161.2,185.7,0.3691
282,-1,207.5,210.3,49.4,44.4,0.2007
282,-1,1.4,71.3,148.3,155.5,0.1437
282,-1,201.0,195.2,73.5,62.5,0.1293
282,-1,275.8,139.3,29.7,14.9,0.1020
283,-1,170.0,105.6,168.8,188.5,0.3457
283,-1,202.9,193.6,67.8,57.8,0.1666
283,-1,206.2,206.7,52.5,44.8,0.1424
284,-1,170.2,104.0,172.6,190.3,0.3961
284,-1,205.6,193.0,71.5,61.7,0.2377
284,-1,209.1,205.4,54.1,46.3,0.1554
285,-1,169.6,101.9,180.4,193.4,0.4392
285,-1,207.7,193.6,72.2,60.7,0.3612
286,-1,166.8,99.8,184.9,197.2,0.4578
286,-1,209.0,193.4,71.6,62.3,0.3817
286,-1,214.1,210.1,47.3,43.1,0.1434
287,-1,165.2,96.1,192.4,205.3,0.3715
287,-1,209.2,194.3,74.3,62.1,0.3557
287,-1,214.7,208.2,51.4,46.2,0.2911
288,-1,216.0,209.7,50.6,46.7,0.3378
288,-1,161.9,82.0,197.0,225.4,0.3032
288,-1,208.8,193.8,77.8,64.1,0.2720
289,-1,217.8,209.1,51.2,48.9,0.3533
289,-1,210.0,196.7,76.9,62.9,0.2995
289,-1,160.1,76.2,209.4,235.3,0.2961
290,-1,209.5,197.4,78.4,64.4,0.2900
290,-1,158.8,70.8,219.1,250.5,0.2814
290,-1,215.9,208.4,59.0,49.6,0.2408
290,-1,292.2,118.5,59.6,78.0,0.1510
291,-1,208.1,194.7,82.6,68.8,0.3382
291,-1,216.8,210.2,58.2,49.1,0.2545
291,-1,157.5,63.5,227.4,264.2,0.1838
291,-1,294.4,117.9,59.7,98.6,0.1762
292,-1,207.8,195.3,83.8,70.8,0.4454
292,-1,219.6,215.0,50.7,48.3,0.4030
292,-1,301.7,117.9,55.1,79.2,0.2295
293,-1,209.3,196.1,82.1,67.7,0.3770
293,-1,220.2,218.2,53.1,42.8,0.2894
293,-1,296.4,119.3,58.7,94.4,0.1916
293,-1,157.7,64.8,228.0,263.8,0.1906
294,-1,222.2,219.6,51.5,40.6,0.3924
294,-1,213.5,197.4,77.8,65.6,0.3350
294,-1,160.6,72.4,218.1,249.0,0.2517
294,-1,293.2,120.8,59.5,101.1,0.1109
295,-1,223.7,218.5,50.3,41.2,0.3528
295,-1,215.6,197.9,75.9,64.0,0.3352
295,-1,164.5,78.0,209.0,234.9,0.3025
296,-1,168.9,95.6,203.1,212.8,0.3889
296,-1,218.5,198.4,73.1,61.5,0.3463
296,-1,223.0,212.5,53.5,46.5,0.2916
296,-1,3.2,0.0,316.9,88.2,0.1048
297,-1,180.8,100.4,182.4,205.6,0.4616
297,-1,220.8,199.0,71.1,60.6,0.3230
297,-1,225.0,213.2,51.6,45.5,0.2404
298,-1,184.9,102.7,178.5,202.8,0.4796
298,-1,221.7,200.4,70.9,59.0,0.3075
298,-1,224.9,213.9,57.0,43.8,0.1943
298,-1,1.2,38.6,143.2,191.3,0.1049
299,-1,189.0,105.1,174.2,200.3,0.4761
299,-1,222.4,201.6,70.6,58.5,0.2857
299,-1,228.5,214.4,46.8,44.5,0.1556
299,-1,0.8,46.5,151.0,175.4,0.1180
300,-1,7.2,59.4,152.5,147.0,0.4836
300,-1,191.3,107.4,169.7,198.7,0.4263
300,-1,227.1,212.5,54.4,47.5,0.2767
301,-1,192.9,114.4,166.4,193.7,0.3919
301,-1,228.4,212.7,53.9,47.7,0.2526
301,-1,50.4,68.2,120.0,147.7,0.1840
302,-1,196.2,119.3,159.7,187.7,0.3961
302,-1,64.5,80.6,105.4,142.7,0.2674
302,-1,228.8,213.8,55.3,47.5,0.2543
303,-1,228.8,214.5,57.9,48.1,0.3593
303,-1,199.9,126.4,154.2,180.3,0.2563
303,-1,73.4,91.8,102.2,143.4,0.2516
303,-1,209.3,165.6,130.2,122.8,0.1083
304,-1,229.4,215.6,57.8,47.8,0.3029
304,-1,200.2,132.2,155.8,175.5,0.2449
304,-1,79.8,105.9,97.3,144.1,0.2165
305,-1,229.9,218.9,53.5,47.1,0.3913
305,-1,202.8,139.6,151.0,170.6,0.3062
305,-1,91.5,117.2,94.5,123.8,0.2196
305,-1,220.8,209.3,72.5,61.9,0.1539
306,-1,232.3,220.6,51.4,46.7,0.4276
306,-1,204.7,145.6,148.5,166.0,0.4112
306,-1,218.7,203.3,77.3,73.0,0.1181
307,-1,233.2,222.8,49.5,47.1,0.6030
307,-1,206.9,151.6,146.9,161.4,0.3439
308,-1,232.3,226.2,49.6,43.8,0.5470
308,-1,206.8,156.9,149.2,153.5,0.2935
309,-1,233.6,227.4,48.8,46.0,0.4525
309,-1,208.1,164.2,144.8,148.8,0.2919
310,-1,234.5,258.1,48.8,44.4,0.4967
310,-1,210.0,200.4,139.1,144.0,0.2386
311,-1,235.8,276.1,50.2,45.6,0.5448
311,-1,211.4,214.8,142.6,146.1,0.3033
312,-1,237.7,294.1,47.5,42.3,0.3065
312,-1,219.2,231.5,121.1,140.2,0.2519
313,-1,221.5,244.1,120.3,141.5,0.2210
313,-1,237.4,298.6,62.7,49.8,0.1494
313,-1,241.1,308.3,39.9,39.6,0.1274
314,-1,239.5,309.2,61.5,49.4,0.2380
314,-1,224.3,254.2,119.4,143.2,0.1755
314,-1,228.5,269.1,83.4,113.0,0.1117
315,-1,244.8,317.4,60.0,48.6,0.3133
315,-1,140.6,239.0,321.8,273.0,0.1475
315,-1,227.0,260.3,119.4,140.0,0.1437
316,-1,244.3,325.0,60.4,48.0,0.3141
316,-1,228.5,270.0,118.9,144.7,0.2046
316,-1,145.9,230.8,310.8,278.0,0.2036
317,-1,160.2,247.2,289.0,261.9,0.3334
317,-1,248.1,332.8,55.1,44.0,0.3060
317,-1,233.4,276.4,111.6,127.2,0.1240
318,-1,251.7,337.1,55.2,42.3,0.4302
318,-1,164.1,250.1,286.6,258.1,0.3626
318,-1,235.1,278.5,115.5,129.2,0.1810
318,-1,175.0,0.0,337.0,66.6,0.1413
318,-1,178.5,261.7,191.6,213.9,0.1026
319,-1,253.0,339.1,54.1,44.8,0.5045
319,-1,175.1,0.0,336.9,76.2,0.2118
319,-1,164.4,250.8,285.1,255.4,0.1879
319,-1,236.3,282.9,114.0,122.2,0.1863
320,-1,255.1,343.8,53.4,41.2,0.5509
320,-1,176.8,0.9,335.2,84.1,0.3290
320,-1,237.1,283.1,114.8,120.2,0.2318
321,-1,259.8,345.9,52.4,40.6,0.5483
321,-1,188.0,1.3,324.0,90.6,0.3535
321,-1,245.9,291.0,94.3,106.6,0.2736
321,-1,285.6,292.4,61.5,90.7,0.1131
322,-1,258.8,348.5,52.3,38.9,0.4759
322,-1,245.8,292.7,94.5,105.1,0.2822
322,-1,266.8,2.1,123.9,40.7,0.1416
322,-1,175.5,197.2,252.3,274.0,0.1215
322,-1,148.7,0.0,363.3,96.2,0.1035
323,-1,259.4,348.5,52.6,43.4,0.4535
323,-1,245.7,290.1,97.6,107.5,0.3902
323,-1,286.0,7.7,97.3,42.0,0.3161
323,-1,256.0,0.6,137.9,54.3,0.1775
323,-1,176.9,200.1,253.3,267.2,0.1438
324,-1,265.6,3.7,122.7,57.1,0.5185
324,-1,246.7,292.7,96.9,103.9,0.4733
324,-1,259.6,349.6,51.4,41.6,0.4368
324,-1,177.7,201.2,253.2,260.7,0.1818
324,-1,253.5,0.4,166.1,70.3,0.1336
325,-1,269.4,6.0,115.5,63.9,0.5980
325,-1,261.3,351.7,49.5,35.1,0.4274
325,-1,248.5,295.4,93.7,97.9,0.4060
325,-1,180.2,202.3,242.4,255.5,0.1915
326,-1,270.5,9.1,113.1,67.1,0.5836
326,-1,260.7,351.6,48.5,34.8,0.3220
326,-1,248.1,297.1,93.2,94.2,0.3086
326,-1,265.9,1.6,190.6,74.3,0.2670
326,-1,181.7,203.0,234.7,249.2,0.2010
327,-1,270.5,7.5,110.3,76.0,0.6539
327,-1,250.0,297.1,90.8,93.7,0.3258
327,-1,260.6,351.4,48.8,34.1,0.2726
327,-1,184.6,203.3,225.4,239.6,0.2218
328,-1,273.6,7.9,103.4,80.8,0.6401
328,-1,250.3,297.2,89.2,91.8,0.3086
328,-1,184.6,204.4,219.8,237.5,0.2338
328,-1,259.9,351.3,48.2,32.7,0.2005
329,-1,267.4,3.5,105.5,92.9,0.6233
329,-1,251.1,296.8,88.3,88.6,0.3385
329,-1,184.4,205.5,218.9,241.8,0.1849
329,-1,260.7,351.2,47.2,31.2,0.1337
330,-1,266.2,2.8,100.0,99.7,0.6223
330,-1,251.9,296.7,86.8,87.3,0.3991
330,-1,184.7,207.2,214.9,237.2,0.1936
331,-1,263.8,0.6,100.1,106.8,0.6937
331,-1,250.4,296.0,89.7,86.9,0.4597
331,-1,185.7,210.5,209.6,227.9,0.1821
331,-1,243.3,0.9,136.9,130.0,0.1031
332,-1,272.6,8.4,92.3,106.2,0.6191
332,-1,249.2,295.0,89.0,86.2,0.4323
332,-1,185.8,213.3,208.6,222.6,0.1523
333,-1,271.0,13.5,88.3,104.2,0.7330
333,-1,249.6,294.5,86.4,85.9,0.4536
333,-1,186.8,216.4,204.3,216.0,0.1787
334,-1,266.8,20.4,90.6,101.7,0.6438
334,-1,251.3,295.4,83.7,83.6,0.4680
334,-1,188.7,218.4,199.9,207.1,0.1595
335,-1,269.2,28.3,86.0,99.9,0.6638
335,-1,250.7,291.4,82.9,87.3,0.4809
335,-1,203.1,227.3,179.5,191.5,0.1527
336,-1,266.4,35.3,83.3,95.2,0.7409
336,-1,251.1,291.2,81.5,86.0,0.5110
337,-1,265.8,40.6,80.2,93.9,0.7995
337,-1,251.6,289.4,81.3,87.3,0.5117
337,-1,224.3,28.0,135.2,126.0,0.1107
338,-1,265.1,44.7,80.9,93.5,0.7355
338,-1,250.7,289.8,84.6,83.1,0.6605
338,-1,226.3,38.0,129.3,118.0,0.2040
339,-1,266.8,50.8,78.9,91.1,0.8105
339,-1,250.2,289.0,82.7,82.9,0.7148
339,-1,226.7,41.4,129.7,117.9,0.1379
340,-1,250.1,288.4,82.3,80.7,0.7459
340,-1,268.0,56.9,76.8,89.0,0.7351
340,-1,221.4,51.3,133.9,112.7,0.1535
341,-1,270.8,62.5,74.6,86.5,0.7260
341,-1,249.2,287.4,82.7,80.3,0.7238
342,-1,271.2,70.0,72.7,83.0,0.7508
342,-1,249.0,286.9,82.4,79.8,0.6972
342,-1,224.6,258.0,132.4,123.8,0.1005
343,-1,249.0,285.9,81.8,78.4,0.6751
343,-1,270.6,76.0,69.9,77.6,0.5402
343,-1,225.3,256.4,129.5,120.4,0.1131
344,-1,267.4,83.3,66.4,74.2,0.6551
344,-1,249.1,285.8,80.1,78.1,0.6466
345,-1,248.6,289.1,74.0,68.4,0.6371
345,-1,269.5,92.5,64.7,66.4,0.4647
346,-1,248.2,289.8,73.0,66.8,0.6383
346,-1,268.8,96.1,62.9,65.8,0.6196
346,-1,200.7,91.2,149.1,94.3,0.1739
347,-1,248.0,289.8,72.5,65.9,0.6537
347,-1,264.9,102.5,63.3,62.2,0.6235
347,-1,220.3,255.5,126.9,132.4,0.1002
348,-1,247.6,288.2,73.9,66.8,0.6438
348,-1,258.9,108.8,66.7,58.8,0.6004
348,-1,196.7,105.4,134.2,75.2,0.3592
348,-1,220.4,255.5,125.0,128.7,0.1215
349,-1,258.8,115.8,62.3,53.7,0.6506
349,-1,247.1,287.9,74.0,66.6,0.6361
349,-1,194.6,111.6,132.0,68.4,0.1899
349,-1,220.4,253.2,122.0,128.3,0.1346
350,-1,247.0,287.8,71.6,66.6,0.6423
350,-1,263.2,121.9,57.1,52.3,0.6244
350,-1,195.9,118.5,126.3,69.7,0.4783
350,-1,220.8,251.9,117.8,126.6,0.1814
351,-1,246.3,287.3,71.1,66.6,0.6505
351,-1,260.7,127.9,58.1,48.6,0.6485
351,-1,194.2,124.0,125.5,64.9,0.3040
351,-1,221.0,251.8,115.9,124.0,0.1978
352,-1,245.8,287.3,70.2,66.3,0.6611
352,-1,264.2,134.2,50.4,46.2,0.5971
352,-1,192.4,130.6,125.0,66.2,0.5005
352,-1,221.0,251.4,114.5,124.8,0.2127
353,-1,243.4,288.8,70.2,65.0,0.6596
353,-1,261.1,140.7,52.3,42.6,0.5927
353,-1,220.5,250.8,113.6,125.7,0.2028
353,-1,196.4,136.9,117.3,60.7,0.1897
353,-1,250.9,332.8,45.8,24.7,0.1061
354,-1,244.6,289.3,66.8,64.8,0.6557
354,-1,255.4,145.8,55.0,40.8,0.4918
354,-1,191.6,141.8,119.8,56.8,0.2127
354,-1,221.3,251.4,109.7,123.2,0.1760
355,-1,243.2,288.7,66.4,65.1,0.6632
355,-1,254.2,151.6,53.9,41.5,0.4849
355,-1,188.8,149.0,119.2,58.5,0.2153
355,-1,221.9,254.6,104.0,113.8,0.1569
356,-1,243.5,288.2,65.2,65.4,0.6476
356,-1,253.5,157.2,50.2,36.5,0.4989
356,-1,222.6,256.0,100.3,111.2,0.1621
356,-1,186.9,152.7,120.0,54.7,0.1033
357,-1,243.4,288.2,64.5,65.5,0.6450
357,-1,254.7,162.8,47.1,36.3,0.3862
357,-1,222.3,257.9,99.1,109.7,0.2210
357,-1,179.8,158.5,128.1,51.6,0.1372
358,-1,239.4,290.2,65.9,64.3,0.6568
358,-1,222.3,261.3,94.5,104.8,0.1906
358,-1,233.5,167.6,73.1,40.1,0.1405
359,-1,239.7,290.2,64.2,63.9,0.6348
359,-1,212.7,260.3,106.5,113.7,0.1836
360,-1,239.8,289.8,63.5,64.1,0.6380
360,-1,230.4,272.6,79.4,89.0,0.1959
361,-1,240.6,295.1,59.7,58.7,0.6302
361,-1,212.8,262.4,100.5,111.4,0.2124
361,-1,229.3,278.7,77.2,81.0,0.1054
362,-1,240.7,298.8,57.0,52.0,0.6455
362,-1,227.3,269.7,79.2,90.2,0.2391
362,-1,126.8,179.0,236.1,268.8,0.1182
363,-1,241.9,299.3,55.2,50.9,0.6307
363,-1,227.2,269.3,78.6,89.8,0.3024
363,-1,127.9,180.1,233.0,266.3,0.1205
364,-1,239.1,290.6,59.4,58.7,0.6340
364,-1,227.4,268.3,77.3,89.5,0.3791
364,-1,129.8,180.7,228.2,262.1,0.1631
365,-1,152.1,299.1,82.5,91.0,0.6285
365,-1,167.2,320.9,61.6,62.3,0.6222
365,-1,61.4,211.2,228.9,248.4,0.2037
366,-1,97.2,351.5,66.9,63.1,0.6353
366,-1,79.7,325.4,94.1,97.7,0.4611
366,-1,4.6,238.5,219.8,236.7,0.4278
367,-1,38.0,350.0,73.9,92.8,0.5448
367,-1,46.7,378.8,56.0,56.7,0.4603
367,-1,0.0,258.8,169.7,240.6,0.4037
368,-1,0.4,264.2,134.1,228.2,0.2746
370,-1,288.9,8.0,217.8,242.5,0.1562
371,-1,259.0,4.2,248.7,286.4,0.3136
371,-1,415.6,75.9,96.4,185.3,0.1128
372,-1,267.7,16.6,244.3,354.7,0.2529
372,-1,440.8,108.0,66.9,102.5,0.2267
373,-1,413.0,100.0,83.4,101.9,0.5595
373,-1,240.3,19.0,270.4,391.1,0.1304
374,-1,372.6,102.7,127.0,112.1,0.5161
374,-1,408.4,161.2,95.0,52.0,0.2113
374,-1,122.2,0.0,389.8,456.2,0.1775
375,-1,341.3,114.6,159.7,111.0,0.5470
375,-1,233.1,103.2,278.9,360.0,0.2800
376,-1,319.6,123.6,178.2,113.0,0.7821
376,-1,247.1,119.2,264.9,330.8,0.3816
376,-1,146.6,86.1,365.4,396.0,0.1712
377,-1,296.5,128.2,180.9,113.6,0.8263
377,-1,210.2,117.1,301.4,355.7,0.2995
378,-1,278.1,132.5,180.4,117.0,0.7808
378,-1,223.5,121.2,287.1,352.3,0.2190
379,-1,263.1,134.4,182.1,121.4,0.5963
379,-1,240.5,121.8,252.2,310.1,0.1439
380,-1,257.8,137.6,182.4,118.6,0.4716
380,-1,192.6,119.5,319.4,359.7,0.1918
381,-1,223.8,127.7,217.9,137.7,0.5273
381,-1,178.1,117.9,333.9,367.2,0.1058
382,-1,204.4,127.2,230.2,144.8,0.5483
382,-1,194.7,120.5,282.4,218.1,0.1888
382,-1,220.6,135.6,66.4,72.1,0.1536
383,-1,193.0,125.6,239.7,152.8,0.4994
383,-1,352.5,142.4,67.2,82.9,0.2429
383,-1,186.0,119.9,284.1,262.0,0.2371
383,-1,207.1,135.3,68.2,78.3,0.1795
383,-1,200.8,130.8,137.2,145.8,0.1376
384,-1,178.4,125.3,251.3,154.5,0.5438
384,-1,199.6,139.6,67.4,94.3,0.3013
384,-1,349.2,143.5,69.9,91.1,0.2829
385,-1,168.5,125.0,275.4,157.7,0.5952
385,-1,188.5,138.0,71.3,95.6,0.2743
385,-1,344.8,143.1,72.2,93.4,0.2543
385,-1,313.7,248.7,70.1,26.7,0.1893
386,-1,157.5,123.8,286.8,166.4,0.5399
386,-1,176.5,134.5,77.1,94.2,0.4169
386,-1,335.3,138.5,78.5,95.6,0.3129
386,-1,143.2,122.8,180.0,165.1,0.2055
387,-1,163.5,137.2,76.9,98.4,0.3962
387,-1,128.9,123.4,315.0,179.1,0.3064
387,-1,330.8,134.8,82.2,109.5,0.2499
387,-1,131.4,123.8,195.6,168.9,0.2430
388,-1,151.0,134.0,79.6,98.5,0.5043
388,-1,318.8,129.0,94.8,133.3,0.2701
388,-1,120.7,122.7,324.3,181.1,0.1927
388,-1,115.3,121.0,180.3,188.2,0.1339
389,-1,138.4,131.5,84.4,108.8,0.5723
389,-1,316.0,127.5,100.4,142.1,0.2037
389,-1,107.3,123.4,183.7,188.3,0.1747
389,-1,114.5,122.7,327.0,189.8,0.1424
389,-1,291.9,121.2,126.6,109.0,0.1215
390,-1,121.3,127.3,94.0,120.0,0.5603
390,-1,98.7,123.6,181.5,199.3,0.2894
390,-1,324.8,128.2,95.7,170.7,0.2396
390,-1,319.8,124.9,100.8,108.3,0.1492
390,-1,113.1,122.3,103.2,186.1,0.1409
390,-1,225.9,250.2,224.2,118.0,0.1156
391,-1,108.0,124.2,98.2,130.4,0.5891
391,-1,323.2,125.3,100.4,179.7,0.2225
391,-1,309.6,120.5,115.3,115.7,0.1566
391,-1,83.1,115.2,190.1,215.8,0.1536
391,-1,159.7,98.6,300.4,332.2,0.1079
392,-1,94.2,126.1,105.1,148.2,0.3059
392,-1,307.2,117.6,128.6,118.9,0.2032
392,-1,72.2,117.6,201.4,220.3,0.1649
392,-1,196.8,252.8,306.8,152.8,0.1633
392,-1,330.0,126.3,103.2,178.3,0.1476
392,-1,167.5,95.6,298.8,327.8,0.1455
392,-1,100.4,132.9,75.8,121.7,0.1269
392,-1,98.6,136.6,57.2,89.8,0.1082
393,-1,205.5,258.8,296.5,152.0,0.4281
393,-1,79.1,119.6,119.9,164.9,0.2252
393,-1,260.5,100.6,215.6,319.0,0.2175
393,-1,148.8,69.3,334.0,388.3,0.1831
393,-1,321.3,118.1,119.8,127.2,0.1607
393,-1,51.3,113.7,226.1,241.1,0.1356
393,-1,334.8,123.2,106.6,185.7,0.1215
393,-1,239.9,99.7,219.6,166.3,0.1077
394,-1,172.4,265.6,339.3,154.9,0.3729
394,-1,69.1,115.3,120.5,144.0,0.3712
394,-1,217.6,78.0,283.3,385.9,0.2629
394,-1,245.3,96.4,221.1,162.6,0.2525
394,-1,153.2,272.6,358.8,218.6,0.2143
394,-1,289.7,103.6,188.7,316.2,0.1733
395,-1,248.0,88.0,226.3,173.4,0.3198
395,-1,177.4,269.5,334.6,207.5,0.2891
395,-1,51.1,110.0,137.0,155.1,0.2687
395,-1,241.7,68.7,257.2,394.2,0.2411
395,-1,283.3,100.4,184.0,273.8,0.1441
396,-1,24.0,117.8,150.5,148.0,0.4579
396,-1,233.8,77.6,246.9,190.0,0.3940
396,-1,56.0,123.2,66.2,79.6,0.2832
396,-1,257.3,79.9,234.0,324.6,0.2668
396,-1,317.2,102.6,157.9,241.9,0.1497
396,-1,56.3,87.2,192.0,32.7,0.1147
396,-1,144.0,40.8,365.6,454.0,0.1102
396,-1,161.2,258.8,350.8,229.7,0.1041
397,-1,9.1,115.8,150.5,148.3,0.5162
397,-1,251.1,82.9,241.1,257.4,0.3802
397,-1,33.4,121.2,75.7,85.5,0.3099
397,-1,258.1,34.3,245.9,433.0,0.1464
398,-1,8.4,107.5,142.9,156.3,0.4965
398,-1,247.8,70.5,250.2,311.4,0.3879
398,-1,22.4,112.9,72.1,98.6,0.1661
398,-1,306.8,93.6,184.1,243.0,0.1494
399,-1,246.0,69.1,259.3,284.9,0.3862
399,-1,4.0,104.9,134.3,163.7,0.3725
399,-1,12.0,112.0,65.5,117.0,0.1601
399,-1,345.6,91.0,158.4,233.8,0.1151
400,-1,240.5,45.2,267.9,327.5,0.4281
400,-1,0.0,111.2,118.6,170.3,0.2178
400,-1,354.0,90.2,154.0,237.5,0.1447
400,-1,160.5,25.5,349.2,454.0,0.1220
401,-1,215.0,13.2,295.3,373.2,0.2961
401,-1,11.2,1.9,298.9,119.3,0.2913
401,-1,389.1,113.7,111.7,210.6,0.1481
402,-1,221.8,9.8,289.0,383.2,0.3040
402,-1,388.7,110.4,115.0,206.0,0.2138
402,-1,9.9,1.5,315.0,118.1,0.1972
402,-1,331.4,56.3,180.6,288.0,0.1155
403,-1,366.7,102.5,145.3,203.0,0.2694
403,-1,235.2,5.2,276.8,390.2,0.2179
403,-1,0.0,388.4,288.0,123.3,0.1560
403,-1,2.6,1.2,346.6,106.4,0.1335
403,-1,329.4,58.6,182.6,297.3,0.1178
404,-1,374.3,112.8,137.7,182.2,0.2934
404,-1,2.4,401.5,266.8,110.5,0.1648
404,-1,297.8,12.0,214.2,352.3,0.1498
404,-1,3.7,1.6,307.5,94.9,0.1015
405,-1,374.0,123.9,137.8,174.4,0.4263
405,-1,2.3,423.6,273.7,88.4,0.1261
406,-1,370.4,127.7,139.7,174.5,0.4942
407,-1,349.9,128.3,159.2,181.7,0.4539
408,-1,335.0,112.4,175.8,210.9,0.1793
411,-1,399.6,300.8,48.4,24.3,0.2983
412,-1,379.9,304.0,47.1,25.9,0.2938
413,-1,364.0,310.1,45.8,26.0,0.4839
414,-1,350.6,314.6,45.2,28.3,0.4971
415,-1,340.5,318.0,43.5,30.2,0.6254
416,-1,332.3,322.3,44.1,30.5,0.6212
417,-1,324.1,328.5,45.0,32.6,0.6803
418,-1,320.0,334.3,43.6,34.5,0.6660
418,-1,214.4,138.7,51.6,72.6,0.1121
419,-1,314.3,339.7,44.3,35.8,0.6553
419,-1,205.8,135.7,56.2,71.3,0.2835
420,-1,308.6,344.5,48.0,39.3,0.6348
420,-1,196.3,134.6,60.0,71.4,0.2557
421,-1,307.4,349.0,49.3,44.0,0.5641
421,-1,189.7,129.2,60.7,76.5,0.2061
422,-1,308.1,354.1,49.5,45.4,0.5702
422,-1,177.1,122.5,69.8,82.5,0.2036
423,-1,308.1,358.7,52.3,50.0,0.5005
423,-1,172.9,121.8,70.0,84.5,0.1951
424,-1,308.8,363.0,55.6,59.2,0.3446
424,-1,172.7,121.8,66.7,83.0,0.1873
425,-1,163.6,115.3,74.5,87.3,0.3251
425,-1,313.5,371.6,55.5,65.2,0.2735
426,-1,158.5,108.8,74.7,89.2,0.3473
426,-1,313.4,379.1,59.6,70.0,0.3394
426,-1,142.1,88.7,104.9,117.3,0.1128
427,-1,318.3,386.1,62.5,77.3,0.3821
427,-1,163.9,101.3,71.1,91.5,0.3349
428,-1,165.6,97.0,65.9,92.8,0.3837
428,-1,326.7,393.4,62.6,80.5,0.3163
429,-1,164.6,92.2,64.6,94.6,0.3609
429,-1,333.7,402.2,64.9,83.9,0.2180
429,-1,134.8,80.9,100.6,104.9,0.1240
430,-1,167.7,86.5,58.2,96.8,0.3796
430,-1,131.7,78.7,103.9,104.3,0.1543
430,-1,348.3,421.3,51.1,61.6,0.1360
431,-1,361.6,444.9,47.4,36.8,0.4410
431,-1,166.1,85.7,59.2,102.0,0.3721
431,-1,119.9,73.2,117.4,112.1,0.1757
432,-1,161.7,86.9,65.4,106.7,0.4119
432,-1,112.1,73.0,129.0,118.8,0.1953
432,-1,8.9,0.3,291.7,257.1,0.1362
433,-1,99.0,61.4,143.9,134.3,0.2437
433,-1,161.4,84.8,64.8,117.1,0.2399
433,-1,9.3,0.9,271.5,226.1,0.1977
