1,-1,208.5,189.0,115.7,147.5,0.4234
1,-1,104.8,7.2,338.0,394.6,0.1016
2,-1,209.3,189.1,118.1,148.0,0.4485
2,-1,103.0,6.8,342.4,394.9,0.1021
3,-1,210.2,192.0,119.9,144.2,0.4981
3,-1,102.3,6.5,342.8,395.5,0.1066
4,-1,211.7,195.8,119.1,141.4,0.5176
5,-1,213.4,198.0,117.6,140.9,0.5110
6,-1,209.2,190.2,125.8,158.6,0.4797
6,-1,103.4,5.8,344.1,395.8,0.1020
7,-1,211.4,195.7,124.0,153.7,0.5171
8,-1,213.6,200.8,124.0,150.0,0.5390
9,-1,216.1,209.6,121.9,144.4,0.4976
10,-1,212.4,204.6,129.0,157.4,0.5536
11,-1,214.7,212.8,126.5,152.3,0.5731
12,-1,210.6,212.5,132.3,161.6,0.5083
13,-1,211.6,220.4,129.0,156.8,0.6006
14,-1,213.0,228.7,126.4,154.3,0.5203
15,-1,207.9,228.8,132.8,160.6,0.5818
16,-1,206.8,234.4,129.8,165.0,0.4848
17,-1,201.8,233.2,136.0,170.6,0.4908
18,-1,202.6,237.9,134.1,170.2,0.5194
19,-1,202.8,243.3,132.4,170.6,0.4481
20,-1,195.4,241.5,139.2,176.6,0.4514
21,-1,194.7,246.3,138.7,177.7,0.4356
22,-1,192.0,248.7,139.7,175.4,0.4027
23,-1,191.1,249.3,137.9,176.1,0.4172
24,-1,189.9,249.8,138.7,176.2,0.4069
25,-1,186.4,248.0,140.3,177.9,0.4183
26,-1,186.3,244.4,142.1,180.5,0.3916
27,-1,184.8,241.2,144.7,182.1,0.3844
28,-1,190.3,241.2,139.4,172.1,0.3642
29,-1,188.3,235.5,143.5,173.9,0.3813
30,-1,187.8,226.4,150.0,181.7,0.3372
30,-1,265.4,253.4,67.4,102.8,0.1294
30,-1,164.8,194.8,191.3,245.7,0.1106
31,-1,193.1,221.5,145.0,175.0,0.4216
31,-1,200.6,243.5,58.6,109.7,0.1284
32,-1,192.8,214.5,148.7,178.6,0.3990
32,-1,273.6,239.4,66.5,102.1,0.1255
32,-1,202.4,240.9,60.8,115.7,0.1073
33,-1,199.1,213.3,145.2,171.8,0.3665
33,-1,174.8,189.3,188.4,222.3,0.1276
34,-1,197.5,204.4,151.9,174.4,0.3802
34,-1,277.2,230.6,69.8,101.1,0.2435
34,-1,171.4,178.5,198.5,241.2,0.1274
35,-1,197.0,200.1,157.4,176.1,0.3497
35,-1,278.9,225.8,71.4,104.1,0.2204
35,-1,168.6,172.4,206.2,249.8,0.1160
36,-1,202.3,194.0,149.6,178.9,0.3019
36,-1,284.0,222.4,69.9,101.9,0.2001
37,-1,202.7,191.8,151.9,177.2,0.3519
37,-1,285.8,217.9,70.6,101.1,0.2185
38,-1,202.7,190.8,157.5,174.4,0.3628
38,-1,288.5,214.0,71.5,103.3,0.3032
39,-1,202.0,177.4,177.4,187.6,0.3242
39,-1,288.7,211.1,75.4,104.3,0.2969
40,-1,203.4,177.1,176.5,185.1,0.3574
40,-1,289.9,210.1,76.5,105.3,0.1948
41,-1,203.6,176.1,177.2,185.2,0.3617
41,-1,298.2,209.3,69.6,102.9,0.2481
42,-1,203.2,174.5,178.0,185.1,0.3496
42,-1,296.7,207.3,72.5,103.9,0.2422
42,-1,216.4,206.0,70.2,100.6,0.1034
43,-1,202.8,170.7,179.8,188.0,0.3334
43,-1,294.7,203.9,75.4,106.1,0.2883
43,-1,215.7,204.1,70.1,102.6,0.1687
44,-1,201.5,169.7,182.0,189.0,0.3669
44,-1,294.4,203.8,76.1,106.4,0.3217
44,-1,213.6,203.0,72.1,103.5,0.1908
45,-1,200.5,168.8,183.3,190.0,0.3722
45,-1,295.1,203.4,75.5,106.3,0.3394
45,-1,212.2,202.9,72.3,102.6,0.2008
46,-1,199.5,168.3,184.3,189.7,0.3861
46,-1,295.8,203.4,74.6,106.4,0.3369
46,-1,175.7,151.6,240.6,242.5,0.1861
46,-1,210.4,201.8,74.2,102.6,0.1673
47,-1,190.8,166.7,192.1,198.4,0.3926
47,-1,286.6,199.4,85.4,113.2,0.3322
47,-1,208.2,201.8,73.9,103.1,0.2384
48,-1,283.7,197.8,87.5,114.4,0.4390
48,-1,189.4,165.2,193.9,200.4,0.4053
48,-1,205.8,199.8,72.2,109.1,0.2398
49,-1,283.5,197.6,87.1,114.6,0.4373
49,-1,187.8,164.6,194.7,201.6,0.4291
49,-1,203.4,200.0,74.1,110.5,0.1439
50,-1,283.1,197.3,87.0,114.5,0.4429
50,-1,186.3,163.0,195.7,203.9,0.4401
50,-1,200.6,199.6,75.7,110.3,0.1179
51,-1,282.6,196.7,86.7,115.0,0.4560
51,-1,185.4,161.1,195.5,205.3,0.4432
51,-1,171.4,151.2,277.2,243.3,0.2498
51,-1,198.9,199.4,76.5,108.4,0.1032
52,-1,183.4,158.2,197.3,208.7,0.4547
52,-1,281.8,196.0,87.2,115.4,0.4406
52,-1,169.9,149.4,283.6,244.6,0.2562
52,-1,197.2,198.7,77.1,107.3,0.1414
53,-1,180.6,154.4,200.9,212.5,0.4551
53,-1,281.1,193.8,87.4,117.1,0.4359
53,-1,194.9,197.4,76.7,107.8,0.2446
53,-1,167.4,145.3,296.7,249.1,0.2446
54,-1,178.4,153.2,202.3,212.5,0.4528
54,-1,280.6,191.9,87.5,118.1,0.3911
54,-1,165.8,143.2,302.7,251.2,0.2436
54,-1,194.1,195.4,77.1,108.8,0.1464
55,-1,177.3,152.5,200.6,210.8,0.4586
55,-1,277.9,188.8,89.8,120.1,0.3879
55,-1,164.5,140.9,310.0,253.3,0.2375
55,-1,192.0,195.9,75.3,107.3,0.2215
56,-1,270.8,181.6,99.8,128.8,0.4315
56,-1,175.8,151.5,203.1,211.0,0.4221
56,-1,188.2,188.1,75.6,112.0,0.3349
56,-1,163.2,137.4,320.6,258.1,0.2186
56,-1,298.4,193.8,66.1,111.5,0.1122
57,-1,269.9,179.7,100.8,129.9,0.5024
57,-1,164.7,147.9,218.4,218.7,0.4155
57,-1,185.7,185.8,78.5,113.3,0.2368
57,-1,161.3,135.2,328.2,264.1,0.2007
57,-1,295.6,190.9,68.9,113.9,0.1172
58,-1,269.7,176.7,101.8,132.0,0.5112
58,-1,162.1,146.9,223.4,219.2,0.4387
58,-1,184.9,184.3,78.3,112.9,0.3319
58,-1,158.9,132.6,337.1,272.6,0.1780
59,-1,269.4,178.7,100.8,127.1,0.5138
59,-1,183.8,181.9,77.5,114.4,0.4605
59,-1,160.4,145.8,225.3,219.8,0.4508
59,-1,157.5,130.1,343.5,280.8,0.1583
60,-1,182.4,179.6,76.2,116.1,0.5535
60,-1,269.4,176.5,101.4,127.1,0.4858
60,-1,158.9,142.7,230.5,222.8,0.4659
60,-1,155.2,125.5,350.4,298.9,0.1272
60,-1,170.9,169.7,90.0,166.6,0.1052
61,-1,181.2,176.2,77.9,118.7,0.5241
61,-1,157.6,137.4,235.9,229.2,0.4909
61,-1,268.9,173.9,102.8,129.7,0.4585
62,-1,182.7,174.2,75.3,109.8,0.5592
62,-1,156.3,129.4,243.2,237.8,0.4818
62,-1,269.4,170.7,103.6,131.7,0.4449
62,-1,298.9,182.1,68.8,117.4,0.2169
63,-1,181.8,173.2,74.8,109.9,0.6149
63,-1,269.0,166.3,105.7,134.1,0.5401
63,-1,155.3,124.0,251.9,244.1,0.4672
63,-1,299.8,180.6,67.3,116.4,0.1643
64,-1,180.6,172.0,75.3,110.6,0.6473
64,-1,269.4,162.1,106.8,137.2,0.5552
64,-1,154.0,121.3,266.1,248.4,0.4462
64,-1,299.2,176.9,68.9,118.2,0.2568
65,-1,180.1,169.1,76.0,113.3,0.6311
65,-1,269.4,157.0,110.7,141.5,0.5403
65,-1,152.2,122.1,276.0,250.7,0.4163
65,-1,297.4,173.8,73.1,120.3,0.3000
66,-1,177.9,165.3,78.4,116.6,0.6489
66,-1,270.0,153.8,113.3,145.3,0.5114
66,-1,167.6,124.0,244.5,243.4,0.4148
66,-1,299.7,173.2,73.2,120.8,0.3057
66,-1,155.0,108.7,340.0,296.7,0.1611
67,-1,176.4,163.1,79.9,118.5,0.6374
67,-1,269.7,148.7,116.3,150.7,0.4907
67,-1,166.6,123.5,247.0,244.3,0.4347
67,-1,296.2,166.5,80.9,128.1,0.3577
67,-1,152.6,107.1,345.3,305.2,0.1670
68,-1,170.8,157.5,85.9,135.2,0.6369
68,-1,269.7,146.5,116.9,152.4,0.4541
68,-1,149.6,119.8,297.4,255.7,0.4152
68,-1,297.6,164.0,80.1,129.8,0.3591
69,-1,169.6,155.4,86.8,133.8,0.6375
69,-1,271.0,155.5,114.5,145.1,0.4667
69,-1,147.8,117.1,302.9,259.9,0.3825
69,-1,300.3,168.0,76.9,125.4,0.2851
70,-1,170.6,155.3,84.8,126.5,0.6449
70,-1,270.7,153.6,115.8,147.0,0.4783
70,-1,146.1,108.8,308.6,271.7,0.3530
70,-1,300.5,166.7,77.4,126.5,0.2845
71,-1,168.3,153.6,85.9,127.7,0.6667
71,-1,269.9,151.8,117.2,148.8,0.5060
71,-1,143.3,99.2,315.8,287.2,0.3311
71,-1,298.6,164.8,80.0,128.6,0.2752
72,-1,164.8,152.0,87.9,128.6,0.6859
72,-1,268.5,149.3,118.8,151.4,0.5296
72,-1,140.4,92.2,321.3,302.2,0.3400
72,-1,296.9,162.7,82.0,130.9,0.2596
73,-1,161.1,149.8,90.0,131.2,0.6712
73,-1,267.5,147.4,119.8,153.5,0.5035
73,-1,137.6,87.3,328.0,315.7,0.3341
73,-1,297.6,162.5,80.9,131.2,0.2393
74,-1,157.6,147.0,91.6,133.8,0.6644
74,-1,266.6,146.2,120.4,154.3,0.4664
74,-1,135.9,85.4,331.8,323.0,0.3382
74,-1,298.1,157.8,80.7,136.0,0.2843
75,-1,153.7,143.3,92.4,138.4,0.7002
75,-1,264.6,144.8,121.3,154.4,0.4301
75,-1,134.1,81.7,334.4,332.0,0.2812
75,-1,297.9,158.1,79.5,135.4,0.2414
76,-1,149.1,141.2,94.9,140.0,0.7066
76,-1,257.6,133.4,126.1,167.8,0.4841
76,-1,131.1,79.4,345.6,314.2,0.2256
76,-1,299.3,160.1,75.8,131.9,0.2088
77,-1,145.4,137.9,97.3,142.7,0.6828
77,-1,255.9,132.4,127.3,168.1,0.5216
77,-1,129.1,76.8,347.3,317.7,0.2042
77,-1,299.3,159.0,74.8,132.6,0.1620
78,-1,141.2,132.2,99.3,149.8,0.6732
78,-1,254.1,130.3,128.9,168.7,0.5004
78,-1,125.2,68.8,350.2,327.1,0.1790
78,-1,298.9,157.3,74.0,133.5,0.1480
79,-1,136.0,130.2,103.1,151.8,0.6938
79,-1,252.4,129.8,129.7,169.1,0.4803
79,-1,298.4,157.1,73.0,134.1,0.1527
79,-1,110.8,41.7,365.7,360.0,0.1280
80,-1,130.9,128.3,104.7,153.8,0.6693
80,-1,250.1,128.8,130.5,169.0,0.4240
80,-1,283.1,145.9,90.2,145.8,0.2341
81,-1,124.8,123.6,107.5,160.3,0.5823
81,-1,244.3,127.3,135.2,168.1,0.4283
81,-1,283.3,144.6,86.6,145.6,0.2302
82,-1,124.0,124.0,104.4,150.7,0.6692
82,-1,241.3,127.0,137.1,168.6,0.4400
82,-1,283.9,145.4,83.8,145.3,0.2040
83,-1,117.2,119.4,108.2,153.9,0.6600
83,-1,238.1,124.0,136.0,174.8,0.3969
83,-1,285.1,147.0,80.0,143.9,0.1733
84,-1,110.6,115.4,112.7,162.5,0.6124
84,-1,235.4,124.4,137.0,173.2,0.3852
84,-1,285.8,151.5,76.6,140.1,0.1466
85,-1,103.2,109.8,116.0,163.7,0.6391
85,-1,231.1,124.6,139.8,172.7,0.4277
85,-1,286.0,155.4,74.0,136.7,0.1318
85,-1,4.7,6.3,309.3,382.0,0.1128
86,-1,95.1,103.9,120.5,169.3,0.5637
86,-1,228.1,123.5,140.4,172.5,0.3994
86,-1,274.2,137.4,86.2,154.0,0.1531
86,-1,6.8,8.8,282.9,372.5,0.1486
87,-1,86.6,101.6,123.9,174.0,0.5430
87,-1,230.5,122.9,135.6,171.5,0.3068
87,-1,272.8,136.7,82.0,154.0,0.1639
87,-1,7.9,11.9,269.0,362.8,0.1325
88,-1,86.6,103.6,119.1,170.6,0.5083
88,-1,217.6,121.1,143.1,175.3,0.3174
88,-1,272.3,139.7,79.2,152.6,0.1581
89,-1,76.4,98.6,126.1,172.5,0.5161
89,-1,217.4,118.7,140.4,186.2,0.3204
89,-1,262.7,130.8,89.4,159.1,0.1642
90,-1,69.6,93.1,128.0,177.1,0.4457
90,-1,218.0,115.1,137.9,186.8,0.2869
90,-1,262.0,131.3,86.7,156.7,0.1246
91,-1,62.3,90.7,131.2,182.3,0.4326
91,-1,215.8,113.9,139.1,187.8,0.2516
91,-1,262.1,131.8,83.8,155.9,0.1023
92,-1,56.2,86.8,136.0,185.1,0.4228
92,-1,213.4,113.0,141.2,188.6,0.2265
93,-1,53.6,85.1,136.8,185.1,0.4025
93,-1,215.1,119.9,141.9,174.8,0.2241
94,-1,51.8,84.0,137.0,184.9,0.3477
94,-1,214.2,120.8,142.9,175.3,0.2481
95,-1,35.1,88.2,148.6,174.5,0.3499
95,-1,213.4,120.8,144.4,177.8,0.2553
96,-1,33.1,87.3,150.2,176.5,0.4017
96,-1,212.9,120.6,146.6,181.4,0.2497
97,-1,31.6,88.5,151.2,177.8,0.4351
97,-1,205.7,121.9,159.9,186.7,0.2484
97,-1,256.1,125.6,97.3,174.0,0.1157
98,-1,30.2,89.7,152.5,180.1,0.4614
98,-1,205.7,121.7,160.8,188.0,0.2794
99,-1,29.8,90.9,153.1,179.9,0.4886
99,-1,206.5,121.4,161.8,191.1,0.3200
100,-1,30.0,91.4,153.5,178.6,0.5118
100,-1,209.2,122.8,163.1,193.6,0.2875
101,-1,30.0,92.2,154.1,178.4,0.5290
101,-1,212.7,122.9,163.3,196.3,0.2800
102,-1,31.0,93.3,154.3,178.5,0.5459
102,-1,218.5,123.1,160.3,198.0,0.2906
103,-1,32.1,94.3,155.2,178.4,0.5379
103,-1,225.4,122.4,158.8,200.3,0.2711
104,-1,32.9,94.4,157.5,179.7,0.5372
104,-1,227.0,121.1,163.0,204.7,0.2331
104,-1,293.7,164.4,83.7,154.1,0.1035
105,-1,33.8,95.2,159.7,181.5,0.5127
105,-1,230.9,124.6,165.9,204.8,0.2470
106,-1,36.4,95.2,162.2,181.4,0.5001
106,-1,234.3,125.7,169.7,209.7,0.2381
107,-1,36.8,95.9,164.6,185.7,0.4795
107,-1,236.5,125.6,175.2,217.9,0.2002
108,-1,36.8,96.5,166.9,189.5,0.4805
108,-1,238.7,125.2,179.8,221.0,0.1872
108,-1,337.1,184.5,63.5,86.1,0.1309
109,-1,37.5,96.2,169.2,191.4,0.4814
109,-1,238.2,124.3,186.6,228.4,0.1996
109,-1,343.4,189.6,62.0,83.9,0.1040
110,-1,42.8,96.6,166.8,187.4,0.5032
110,-1,262.8,135.8,167.2,212.0,0.1974
110,-1,222.9,77.7,216.4,286.8,0.1220
110,-1,346.0,191.1,66.6,86.8,0.1171
111,-1,42.4,98.5,168.0,189.7,0.5434
111,-1,239.4,113.5,203.6,250.6,0.2026
112,-1,41.4,101.4,169.0,193.0,0.5533
112,-1,356.2,194.3,64.9,86.4,0.2260
112,-1,238.4,105.6,213.5,265.2,0.1983
113,-1,40.9,102.3,170.1,194.7,0.5654
113,-1,239.6,106.6,214.3,268.6,0.1949
113,-1,358.9,195.9,67.7,89.7,0.1838
114,-1,40.5,102.6,171.5,196.3,0.5787
114,-1,362.9,199.6,67.1,87.4,0.3340
114,-1,239.4,94.8,220.1,289.6,0.1713
115,-1,39.9,102.6,173.9,196.7,0.5844
115,-1,365.5,203.2,71.5,92.8,0.2042
115,-1,262.3,133.6,200.8,245.0,0.1698
116,-1,39.4,103.4,174.5,198.2,0.5712
116,-1,260.5,132.4,210.6,255.7,0.1618
116,-1,368.9,206.0,73.2,99.7,0.1410
117,-1,38.7,104.2,175.4,202.2,0.5603
117,-1,374.5,209.2,69.9,94.1,0.1759
117,-1,257.9,131.1,220.7,265.3,0.1635
117,-1,0.2,74.9,224.9,274.5,0.1098
118,-1,37.9,104.1,178.1,203.1,0.5537
118,-1,375.0,211.8,79.9,99.1,0.2168
118,-1,289.4,147.4,183.4,245.5,0.1740
118,-1,235.2,110.7,250.8,302.9,0.1308
118,-1,0.2,75.5,226.2,275.7,0.1172
119,-1,25.6,102.7,191.1,216.9,0.5472
119,-1,382.5,219.2,74.7,93.8,0.2643
119,-1,285.4,147.8,193.7,254.2,0.1766
120,-1,22.9,103.9,194.0,221.8,0.5477
120,-1,378.7,215.9,90.1,108.1,0.2146
120,-1,284.2,146.6,206.6,259.8,0.1963
121,-1,20.7,103.9,197.4,225.1,0.5491
121,-1,284.7,147.4,214.3,263.7,0.2079
121,-1,389.6,221.0,82.9,101.1,0.1965
122,-1,19.3,103.5,200.0,228.4,0.5442
122,-1,386.3,215.5,95.0,120.7,0.2367
122,-1,283.2,147.6,221.1,272.9,0.2340
122,-1,436.1,249.0,35.5,42.9,0.1108
123,-1,17.5,102.1,203.7,230.6,0.5354
123,-1,390.8,220.3,96.1,114.1,0.3022
123,-1,276.6,148.2,230.4,281.8,0.2347
124,-1,15.8,101.4,206.9,232.1,0.5298
124,-1,311.3,150.9,200.2,282.1,0.2968
124,-1,395.7,223.2,99.3,119.4,0.2887
124,-1,442.5,252.2,43.3,45.9,0.2433
125,-1,8.6,96.4,214.1,247.5,0.5298
125,-1,302.3,146.4,209.7,286.2,0.3482
125,-1,446.6,257.1,46.1,44.3,0.2848
125,-1,402.7,229.5,94.3,118.5,0.1978
125,-1,390.8,208.4,112.3,190.2,0.1639
126,-1,7.8,95.6,215.9,249.5,0.5520
126,-1,299.5,146.9,212.5,291.6,0.3464
126,-1,405.6,230.1,102.8,123.8,0.2964
126,-1,448.7,261.8,50.7,44.0,0.2690
126,-1,394.6,206.8,117.4,181.1,0.1409
126,-1,241.0,80.9,271.0,387.4,0.1072
127,-1,409.5,231.0,102.4,113.2,0.5805
127,-1,6.7,93.8,217.9,249.9,0.5559
127,-1,451.8,262.9,47.6,44.0,0.3773
127,-1,275.8,150.8,236.2,310.6,0.1370
127,-1,180.2,10.5,331.8,390.5,0.1084
128,-1,4.4,97.5,220.4,241.2,0.5710
128,-1,454.6,266.2,48.5,43.6,0.3842
128,-1,411.4,234.5,100.6,111.4,0.3625
128,-1,179.7,11.1,332.3,390.9,0.1189
129,-1,1.9,97.8,222.9,243.0,0.5794
129,-1,456.3,266.6,48.7,42.4,0.4201
129,-1,411.8,232.2,100.2,113.2,0.3340
129,-1,0.0,54.9,242.1,373.0,0.1486
129,-1,249.3,16.9,262.7,377.4,0.1311
130,-1,0.0,96.6,224.5,246.3,0.5842
130,-1,457.1,266.2,49.1,44.3,0.3475
130,-1,412.1,232.2,99.9,114.6,0.3298
130,-1,250.6,16.8,261.4,379.3,0.1566
130,-1,0.0,50.9,241.9,382.8,0.1395
131,-1,0.0,95.6,224.0,244.8,0.5929
131,-1,456.1,268.4,52.4,46.4,0.3734
131,-1,411.6,234.8,100.4,114.4,0.3209
131,-1,252.2,17.6,259.8,379.6,0.1612
131,-1,0.0,44.9,243.0,401.5,0.1152
132,-1,0.0,95.1,222.6,246.2,0.5861
132,-1,458.5,266.3,50.6,44.6,0.4201
132,-1,412.4,231.6,99.6,117.2,0.2670
132,-1,255.6,18.1,256.4,378.8,0.1484
132,-1,0.0,45.7,240.6,403.2,0.1035
133,-1,0.0,90.6,222.5,249.2,0.5897
133,-1,459.5,268.9,50.5,45.8,0.2967
133,-1,412.1,231.5,99.9,118.9,0.2649
133,-1,256.9,19.0,255.1,377.9,0.1277
133,-1,2.7,122.8,61.7,101.5,0.1161
134,-1,0.0,75.5,222.0,265.4,0.5509
134,-1,460.9,268.3,49.9,45.8,0.3147
134,-1,414.3,230.5,97.7,120.1,0.2647
134,-1,1.2,120.9,58.0,102.0,0.1678
134,-1,258.9,19.4,253.1,376.9,0.1202
135,-1,0.0,67.9,222.5,272.1,0.5251
135,-1,464.7,267.3,46.5,44.0,0.3523
135,-1,417.7,229.5,94.3,120.9,0.2467
135,-1,259.3,19.4,252.7,377.1,0.1193
135,-1,0.5,120.4,58.9,106.3,0.1042
136,-1,0.0,62.9,225.5,271.8,0.5582
136,-1,467.4,267.0,44.6,43.5,0.3109
136,-1,419.4,228.3,92.6,129.2,0.1817
136,-1,262.2,20.5,249.8,374.1,0.1304
137,-1,0.0,51.1,227.5,281.0,0.5621
137,-1,471.9,264.3,40.1,44.6,0.1503
137,-1,423.5,224.8,88.3,135.6,0.1365
137,-1,282.7,20.9,226.3,308.1,0.1160
138,-1,0.0,34.4,229.9,297.6,0.5438
138,-1,431.0,227.4,81.0,132.0,0.1769
138,-1,252.1,9.1,258.9,348.2,0.1124
139,-1,0.0,27.7,232.2,306.3,0.5230
139,-1,434.8,218.7,77.2,133.0,0.2169
139,-1,260.2,9.8,250.1,344.8,0.1282
140,-1,0.0,23.7,234.5,310.0,0.5017
140,-1,438.9,218.6,73.1,135.2,0.1672
140,-1,263.6,10.5,245.4,342.5,0.1425
141,-1,0.0,19.6,236.7,316.2,0.4752
141,-1,290.7,23.9,215.1,271.9,0.1550
141,-1,451.6,218.3,59.9,131.8,0.1441
141,-1,252.9,13.7,256.8,387.6,0.1294
142,-1,0.0,17.6,237.8,321.1,0.4500
142,-1,457.1,220.5,54.7,118.8,0.2116
142,-1,291.2,23.9,214.7,273.9,0.1757
142,-1,255.9,13.8,253.8,386.5,0.1399
143,-1,0.0,15.5,239.7,324.1,0.4303
143,-1,458.1,223.6,53.7,118.0,0.2531
143,-1,294.3,24.4,211.6,265.1,0.1859
143,-1,258.5,13.9,251.5,384.9,0.1326
144,-1,0.0,14.7,241.6,327.0,0.4118
144,-1,296.7,24.4,209.7,266.0,0.2074
144,-1,462.7,224.2,49.1,121.3,0.1820
144,-1,257.7,26.4,254.3,400.9,0.1598
145,-1,0.0,13.8,246.0,333.7,0.3916
145,-1,300.4,24.9,205.8,267.0,0.2279
145,-1,266.6,27.9,245.4,398.1,0.1855
145,-1,471.5,223.7,40.4,114.6,0.1255
146,-1,0.0,14.2,251.6,339.3,0.3703
146,-1,305.6,25.0,200.9,273.8,0.2336
146,-1,282.1,29.4,229.9,394.5,0.2105
146,-1,7.7,105.2,63.0,91.6,0.1217
147,-1,0.0,14.7,255.7,344.4,0.3749
147,-1,306.8,25.3,203.2,335.4,0.2448
147,-1,6.3,104.0,71.2,105.4,0.2313
148,-1,0.0,15.4,269.1,352.0,0.2944
148,-1,317.5,26.4,191.5,336.8,0.2639
148,-1,14.3,98.2,72.6,105.2,0.1975
149,-1,333.5,42.0,178.4,329.2,0.2803
149,-1,0.0,13.3,279.5,356.8,0.1897
149,-1,15.1,96.2,83.2,111.8,0.1563
149,-1,1.0,80.9,112.3,157.2,0.1497
150,-1,345.0,38.6,166.8,332.0,0.2494
150,-1,0.0,8.2,298.8,363.0,0.1405
150,-1,4.4,80.3,119.2,138.6,0.1001
151,-1,0.0,39.8,174.2,240.2,0.1634
151,-1,11.5,80.0,121.9,132.1,0.1457
151,-1,0.0,4.9,316.3,359.5,0.1211
152,-1,18.4,67.5,130.7,145.5,0.1423
152,-1,0.0,0.0,329.6,381.7,0.1259
152,-1,2.0,32.0,186.5,243.7,0.1043
153,-1,30.1,66.6,131.9,146.2,0.2733
153,-1,0.0,1.5,346.8,376.3,0.1007
154,-1,48.7,80.7,68.9,102.6,0.2443
154,-1,41.5,74.9,129.2,138.8,0.1619
155,-1,59.8,82.1,72.9,95.8,0.2754
155,-1,51.7,70.1,139.2,155.0,0.1745
156,-1,74.4,86.9,70.2,89.9,0.3648
156,-1,64.8,74.5,136.3,150.2,0.1828
157,-1,87.1,92.3,72.4,95.6,0.3846
157,-1,78.0,79.0,131.5,146.1,0.1093
158,-1,99.3,96.0,72.8,93.1,0.4329
158,-1,89.8,82.1,124.9,142.3,0.1163
159,-1,109.0,97.1,71.4,93.9,0.4258
160,-1,123.2,103.1,68.8,93.5,0.3923
160,-1,109.8,85.6,134.2,151.8,0.1046
161,-1,131.5,103.9,71.7,92.4,0.4089
162,-1,140.5,108.3,74.8,96.2,0.3785
163,-1,144.1,109.0,73.4,93.8,0.3746
164,-1,150.0,112.6,74.5,96.9,0.3316
165,-1,149.8,113.9,73.1,97.7,0.3454
165,-1,135.7,97.6,135.5,154.3,0.1005
166,-1,149.0,115.6,70.0,96.7,0.4415
167,-1,145.6,116.2,68.7,97.6,0.4262
168,-1,139.7,116.9,74.3,98.1,0.5010
169,-1,137.3,118.3,71.8,99.4,0.4950
170,-1,127.8,117.5,78.3,104.3,0.3907
171,-1,125.0,116.7,73.6,103.0,0.4840
172,-1,119.1,115.1,75.0,105.7,0.3674
173,-1,111.6,115.6,76.4,108.5,0.4081
174,-1,102.1,115.1,86.1,112.2,0.2586
174,-1,93.6,105.4,121.9,149.2,0.1016
175,-1,95.7,118.1,85.7,111.9,0.1943
175,-1,88.2,106.9,117.3,147.6,0.1170
176,-1,86.1,116.9,95.8,121.6,0.2814
176,-1,77.8,106.2,140.1,161.4,0.1036
177,-1,82.7,118.4,94.8,122.9,0.2204
177,-1,71.0,107.1,134.7,158.9,0.1037
178,-1,66.3,113.6,134.5,159.2,0.1736
179,-1,61.5,112.5,145.5,167.6,0.1624
179,-1,69.5,127.5,100.4,129.0,0.1319
180,-1,56.1,121.3,136.3,161.8,0.1384
181,-1,53.4,125.0,136.7,153.1,0.1788
181,-1,9.1,68.7,348.7,443.3,0.1277
181,-1,8.8,77.8,251.4,329.0,0.1076
182,-1,9.2,71.1,344.2,440.9,0.1468
182,-1,51.9,125.9,146.1,167.4,0.1176
182,-1,63.3,147.8,64.7,72.7,0.1081
183,-1,52.4,132.5,142.3,163.5,0.1589
183,-1,9.9,77.0,334.4,427.1,0.1549
183,-1,26.1,98.9,224.0,266.2,0.1066
183,-1,65.8,149.1,66.7,78.1,0.1055
184,-1,10.4,79.8,329.2,429.0,0.1678
184,-1,65.2,154.7,69.7,78.1,0.1498
184,-1,53.9,136.2,137.4,160.7,0.1069
184,-1,27.8,106.1,220.4,247.7,0.1030
185,-1,67.3,161.0,70.0,77.6,0.1626
185,-1,21.4,111.6,249.4,310.6,0.1411
185,-1,7.8,89.1,349.7,422.9,0.1241
185,-1,53.1,142.4,143.9,165.5,0.1196
185,-1,30.8,129.8,204.8,219.7,0.1005
186,-1,24.9,109.2,244.4,312.8,0.1597
186,-1,71.4,162.9,72.5,80.2,0.1290
186,-1,8.6,93.9,338.8,418.1,0.1177
186,-1,55.5,146.5,142.5,164.0,0.1108
187,-1,76.5,165.4,71.9,80.7,0.2059
187,-1,27.3,112.5,242.3,310.0,0.1287
187,-1,9.4,98.1,337.6,413.9,0.1011
188,-1,79.1,167.6,73.6,87.7,0.2453
188,-1,41.0,124.9,240.5,309.2,0.1884
189,-1,84.9,172.5,75.2,87.1,0.3632
189,-1,45.0,118.9,239.9,313.2,0.1420
189,-1,25.7,105.0,332.2,407.0,0.1196
190,-1,87.8,173.1,79.9,86.7,0.4115
190,-1,50.6,127.6,231.5,276.6,0.1726
190,-1,28.9,113.3,324.1,398.7,0.1387
191,-1,93.9,175.2,79.6,90.3,0.3887
191,-1,53.5,128.3,227.0,251.7,0.1305
191,-1,31.7,115.9,331.9,396.1,0.1001
192,-1,98.5,175.6,82.4,90.5,0.3806
192,-1,60.2,121.2,262.0,359.0,0.1132
192,-1,55.6,126.8,227.6,253.5,0.1088
193,-1,103.9,177.2,81.6,89.8,0.4808
193,-1,64.1,127.8,261.7,349.1,0.1205
194,-1,110.0,179.2,82.5,89.9,0.5085
194,-1,66.1,135.7,261.3,330.6,0.2234
195,-1,115.9,179.0,81.7,89.7,0.6343
195,-1,68.2,133.4,264.3,279.9,0.2287
196,-1,120.7,177.2,85.6,91.3,0.5419
196,-1,73.6,133.4,263.2,281.9,0.2735
197,-1,127.3,176.0,83.6,92.4,0.5534
197,-1,86.6,132.7,264.8,299.0,0.1861
198,-1,128.6,174.7,88.9,92.8,0.5809
198,-1,92.0,134.6,248.1,292.5,0.2519
199,-1,132.3,170.9,91.9,94.3,0.6115
199,-1,93.6,129.8,253.7,299.7,0.2982
200,-1,136.2,167.1,90.8,96.1,0.5313
200,-1,93.8,124.7,257.8,304.8,0.3725
201,-1,137.2,164.2,101.9,95.9,0.6264
201,-1,95.9,123.9,255.6,305.9,0.3706
202,-1,140.4,161.6,97.2,98.2,0.5731
202,-1,99.3,120.9,255.6,310.3,0.3621
203,-1,142.6,158.8,97.7,98.6,0.6185
203,-1,110.7,110.8,297.6,335.9,0.3405
204,-1,146.3,153.7,106.6,102.9,0.5964
204,-1,104.1,117.8,258.0,306.9,0.3123
204,-1,109.4,129.7,190.0,235.0,0.1088
205,-1,145.8,150.0,109.3,106.3,0.5952
205,-1,114.3,108.5,284.4,336.3,0.2797
205,-1,108.8,125.8,195.1,241.8,0.1281
206,-1,146.5,148.0,107.3,108.3,0.6798
206,-1,114.5,103.0,292.5,328.0,0.2575
206,-1,108.9,117.2,197.9,249.3,0.1435
207,-1,145.6,145.8,108.4,110.5,0.6970
207,-1,114.0,101.7,286.9,313.0,0.2277
207,-1,108.1,113.3,201.5,256.1,0.1435
208,-1,143.3,144.0,109.3,113.0,0.6675
208,-1,113.8,99.5,287.0,312.3,0.2213
208,-1,107.8,106.8,206.6,264.5,0.1611
208,-1,110.4,72.6,352.6,431.0,0.1297
209,-1,141.5,141.1,111.0,115.3,0.6542
209,-1,102.7,96.3,278.1,292.1,0.2188
210,-1,139.4,137.0,113.8,120.5,0.6942
210,-1,101.8,93.7,278.6,299.0,0.2483
211,-1,136.9,135.1,116.9,123.6,0.7011
211,-1,100.0,89.7,291.8,312.5,0.2447
212,-1,135.2,132.8,119.9,127.4,0.6786
212,-1,99.4,95.3,296.3,321.9,0.2659
212,-1,102.6,108.9,203.6,281.0,0.2463
213,-1,132.9,131.8,122.5,130.5,0.6754
213,-1,94.5,92.6,337.1,335.5,0.3052
213,-1,101.0,115.1,202.3,276.8,0.2584
213,-1,107.2,125.5,171.3,191.6,0.1075
214,-1,129.9,130.5,125.4,135.0,0.6579
214,-1,90.9,86.9,343.3,362.2,0.3480
214,-1,98.6,113.5,204.1,274.8,0.2117
214,-1,105.0,125.0,171.0,187.0,0.1126
215,-1,126.9,129.4,127.2,138.3,0.6261
215,-1,88.8,82.1,347.4,392.9,0.3390
215,-1,96.2,109.0,212.6,282.6,0.1273
216,-1,119.4,123.6,134.5,153.5,0.5694
216,-1,86.3,74.8,350.1,404.1,0.3088
217,-1,114.5,122.7,138.8,155.9,0.5290
217,-1,83.8,79.7,351.4,407.4,0.2782
218,-1,107.7,119.7,143.9,152.6,0.5543
218,-1,67.8,80.2,345.2,413.7,0.2919
219,-1,104.6,121.5,145.2,154.5,0.4899
219,-1,64.4,77.7,347.7,410.4,0.3029
220,-1,88.4,118.0,159.9,185.9,0.4657
220,-1,58.4,60.4,355.0,425.4,0.2613
221,-1,84.5,117.2,161.6,189.2,0.4879
221,-1,49.0,55.7,366.7,436.4,0.1833
222,-1,80.2,115.8,165.4,194.1,0.5054
222,-1,91.3,127.8,111.4,164.5,0.1024
222,-1,32.5,52.6,383.5,453.8,0.1016
223,-1,76.7,113.2,167.9,198.8,0.5178
223,-1,87.7,130.7,96.9,158.2,0.1858
224,-1,73.9,112.2,169.6,204.6,0.5153
224,-1,84.3,126.7,106.9,163.8,0.2324
225,-1,72.5,109.9,171.3,211.3,0.5100
225,-1,82.8,131.8,107.8,161.5,0.2588
226,-1,72.0,107.0,172.8,213.2,0.5189
226,-1,81.5,138.8,104.5,155.6,0.2929
227,-1,72.2,103.5,173.4,214.3,0.5544
227,-1,81.5,141.3,97.2,152.6,0.2702
228,-1,72.2,101.4,176.2,217.1,0.5619
228,-1,81.7,145.6,93.0,148.3,0.2376
229,-1,72.3,100.1,179.0,220.0,0.5336
229,-1,82.0,146.8,91.6,147.4,0.1785
230,-1,72.8,95.5,182.6,223.6,0.5309
230,-1,82.2,142.4,92.6,152.4,0.1041
231,-1,72.7,93.7,185.1,223.1,0.5465
232,-1,73.2,88.8,187.7,225.8,0.5460
232,-1,98.9,95.6,83.5,83.3,0.1787
233,-1,73.1,78.7,195.4,235.4,0.5408
233,-1,101.3,91.3,83.1,80.6,0.2513
234,-1,73.7,71.6,202.3,244.8,0.5398
234,-1,101.3,85.2,87.1,89.6,0.2613
235,-1,104.0,81.5,87.8,89.7,0.5921
235,-1,74.1,63.8,212.9,257.3,0.5099
236,-1,74.5,60.0,220.9,258.6,0.5216
236,-1,106.1,76.1,91.2,93.4,0.3089
236,-1,108.0,79.2,69.7,65.3,0.1869
237,-1,70.7,60.2,233.3,262.5,0.4676
237,-1,109.2,71.7,94.5,100.2,0.3761
237,-1,111.4,75.2,72.5,68.9,0.2344
238,-1,71.5,55.3,237.8,270.8,0.4338
238,-1,109.5,69.2,97.3,102.7,0.2844
238,-1,113.9,72.6,68.7,76.0,0.1148
239,-1,75.1,50.7,234.2,280.2,0.3419
239,-1,114.5,66.4,100.8,103.1,0.1483
239,-1,116.0,65.8,70.8,85.4,0.1478
240,-1,122.8,66.1,70.3,79.4,0.2700
240,-1,89.0,48.5,228.4,285.9,0.2602
240,-1,117.9,63.7,99.9,106.5,0.1420
241,-1,89.0,47.5,236.0,288.1,0.2765
241,-1,123.3,62.8,72.6,85.3,0.2254
241,-1,120.8,61.6,103.7,109.6,0.1191
242,-1,129.8,62.1,70.0,89.3,0.2262
242,-1,87.2,46.4,250.9,298.8,0.2014
242,-1,126.8,60.0,100.7,110.7,0.1425
243,-1,130.9,58.1,74.5,89.1,0.3256
243,-1,87.6,43.8,255.0,304.5,0.1827
243,-1,127.5,55.5,108.3,119.2,0.1374
244,-1,127.6,55.1,112.3,121.8,0.2273
244,-1,132.8,58.0,75.2,88.5,0.2024
244,-1,87.8,37.3,258.7,318.5,0.1559
245,-1,126.9,53.6,114.7,126.0,0.3358
245,-1,134.3,57.4,78.3,89.1,0.2491
245,-1,87.3,30.1,265.8,331.0,0.1377
246,-1,127.6,53.4,117.1,126.7,0.2816
246,-1,136.3,56.1,82.7,91.0,0.2640
246,-1,88.1,28.8,271.6,341.1,0.1097
247,-1,126.4,48.1,122.1,133.2,0.3396
247,-1,136.6,53.7,84.1,96.5,0.2411
248,-1,129.3,44.5,125.0,137.1,0.3809
248,-1,138.3,54.3,88.0,113.6,0.1484
249,-1,131.3,44.0,122.7,138.8,0.3976
249,-1,139.7,54.6,86.9,116.4,0.2559
250,-1,134.9,47.4,119.8,137.1,0.3061
250,-1,142.8,56.6,84.0,112.3,0.2702
251,-1,132.3,44.5,127.4,141.0,0.2912
251,-1,144.4,57.8,85.3,111.3,0.2710
252,-1,130.8,45.8,131.1,141.3,0.2523
252,-1,141.2,57.7,94.4,117.2,0.2236
253,-1,133.7,53.6,113.1,129.0,0.4170
253,-1,234.3,245.7,158.4,165.4,0.1322
253,-1,150.0,61.8,72.9,71.1,0.1304
254,-1,133.6,52.1,110.5,127.1,0.5218
254,-1,144.5,56.9,82.0,88.0,0.1230
255,-1,132.0,51.7,115.0,130.0,0.4693
255,-1,246.4,270.1,161.6,160.1,0.1496
255,-1,143.9,55.2,84.2,86.7,0.1022
256,-1,128.7,51.5,120.0,132.2,0.4417
256,-1,101.8,24.1,167.4,181.8,0.1014
257,-1,128.6,46.7,128.1,138.6,0.4119
257,-1,144.2,59.7,85.1,93.6,0.2962
257,-1,104.0,25.3,168.8,180.2,0.1568
258,-1,143.0,58.6,87.2,86.7,0.4922
258,-1,123.6,39.2,147.7,152.5,0.4562
258,-1,373.7,393.1,47.6,60.4,0.1388
259,-1,139.1,55.2,91.0,89.8,0.5068
259,-1,120.2,35.3,151.7,155.2,0.4393
259,-1,377.3,399.0,51.8,62.3,0.1304
260,-1,131.3,51.0,98.4,94.9,0.4240
260,-1,113.5,34.7,150.8,154.6,0.3417
260,-1,407.3,404.6,26.0,16.2,0.2131
261,-1,126.4,48.2,105.0,95.3,0.4763
261,-1,412.5,409.5,28.6,18.2,0.3461
261,-1,96.6,21.1,177.4,184.4,0.3314
261,-1,120.4,45.0,118.2,144.8,0.1002
262,-1,117.4,39.7,115.8,105.3,0.5785
262,-1,410.7,416.5,33.8,16.3,0.3844
262,-1,94.2,20.5,178.7,169.1,0.3294
263,-1,107.7,33.7,124.8,110.7,0.5612
263,-1,87.6,16.0,186.6,178.8,0.4425
263,-1,410.3,419.5,37.1,17.0,0.2888
264,-1,96.1,25.1,135.5,117.7,0.6862
264,-1,82.7,15.6,174.6,183.7,0.4137
264,-1,411.4,422.5,36.2,16.9,0.1438
265,-1,82.9,18.6,147.3,121.6,0.6393
265,-1,72.1,8.5,183.8,195.4,0.4676
265,-1,49.8,7.8,227.4,271.7,0.1190
266,-1,68.7,14.9,153.7,121.5,0.5558
266,-1,61.1,5.0,200.2,200.7,0.4451
267,-1,44.9,5.6,209.8,197.6,0.3785
267,-1,59.8,12.9,161.2,124.6,0.3340
268,-1,30.4,5.7,227.2,236.6,0.4197
268,-1,46.4,12.8,176.0,126.4,0.2337
269,-1,26.4,6.7,247.2,256.3,0.5267
269,-1,41.7,20.0,173.8,126.6,0.1217
270,-1,19.3,9.0,258.2,259.7,0.5766
270,-1,15.9,0.0,321.7,355.6,0.1585
271,-1,14.9,10.7,267.8,294.4,0.5687
271,-1,33.4,11.2,223.8,210.2,0.1975
272,-1,13.5,14.7,272.9,288.3,0.5533
272,-1,29.0,110.7,179.4,109.4,0.1238
273,-1,13.6,19.2,275.5,285.4,0.5065
273,-1,34.4,21.8,227.4,202.9,0.1579
273,-1,9.3,2.4,345.4,390.5,0.1578
273,-1,132.6,36.4,103.6,142.8,0.1325
273,-1,27.7,123.2,178.9,108.4,0.1172
274,-1,12.5,24.9,306.6,305.3,0.4360
275,-1,15.6,42.4,314.7,286.6,0.5883
275,-1,34.0,46.5,246.1,217.6,0.4112
276,-1,18.5,51.6,292.7,267.4,0.6388
277,-1,35.7,65.0,262.2,224.3,0.6218
278,-1,38.3,73.5,262.8,232.2,0.6409
278,-1,0.0,53.9,378.2,314.5,0.1596
279,-1,36.6,73.0,294.4,249.7,0.6370
279,-1,112.0,80.7,163.8,167.0,0.1807
279,-1,223.9,444.6,287.2,67.4,0.1221
280,-1,40.6,90.5,289.1,229.5,0.6499
280,-1,0.0,66.0,411.8,341.9,0.1227
281,-1,43.5,97.3,286.8,216.0,0.6199
282,-1,59.7,99.5,271.7,251.0,0.6047
282,-1,0.0,88.0,418.2,331.1,0.1466
283,-1,66.1,120.9,292.9,239.1,0.6246
283,-1,0.0,102.3,442.5,367.4,0.1832
284,-1,80.9,126.2,281.4,246.4,0.5630
284,-1,164.3,128.8,167.4,169.3,0.1105
285,-1,82.9,131.3,300.3,249.0,0.5645
285,-1,70.5,135.1,206.4,227.3,0.2113
285,-1,200.2,141.3,140.5,171.8,0.1317
286,-1,85.1,145.6,315.8,258.0,0.5025
286,-1,69.9,142.7,193.6,240.7,0.2421
286,-1,195.8,143.4,160.7,171.7,0.1122
287,-1,84.3,146.9,330.7,258.4,0.4004
287,-1,79.1,148.4,232.1,201.5,0.3850
287,-1,236.7,152.4,126.2,176.3,0.1358
288,-1,78.0,148.4,197.6,194.1,0.3681
288,-1,83.7,146.8,340.5,266.2,0.2818
288,-1,246.8,153.6,128.4,173.8,0.1404
289,-1,75.0,147.7,186.0,211.7,0.3709
289,-1,110.0,134.5,293.7,237.2,0.2468
289,-1,193.3,146.4,196.6,203.4,0.1313
290,-1,71.3,142.3,187.4,210.7,0.3767
290,-1,100.9,126.8,312.1,258.7,0.3093
290,-1,193.8,138.1,209.8,216.6,0.1884
290,-1,83.5,155.0,103.6,151.5,0.1039
291,-1,151.8,127.6,271.9,237.8,0.3526
291,-1,65.8,130.3,227.6,237.8,0.3298
292,-1,142.6,127.0,293.1,251.1,0.4188
292,-1,60.7,125.7,270.0,249.7,0.2924
292,-1,248.9,136.3,184.2,233.4,0.1757
292,-1,72.7,150.3,105.2,162.0,0.1291
293,-1,138.9,124.4,302.5,248.1,0.4229
293,-1,46.1,123.6,252.4,243.4,0.1808
293,-1,62.0,148.6,109.3,159.7,0.1305
294,-1,178.1,114.9,279.0,261.0,0.3952
294,-1,356.4,208.4,73.8,86.2,0.2201
294,-1,37.2,122.0,284.7,287.1,0.1181
294,-1,312.6,169.9,126.3,132.1,0.1138
294,-1,255.7,129.0,190.9,227.7,0.1088
295,-1,165.0,106.5,315.6,275.3,0.4231
295,-1,362.8,209.6,76.8,87.0,0.3759
296,-1,374.2,208.9,74.9,90.1,0.4062
296,-1,165.0,100.7,347.0,295.1,0.3809
296,-1,272.9,125.3,208.8,249.6,0.1044
296,-1,16.5,106.2,283.7,320.7,0.1033
297,-1,194.9,104.0,312.9,292.5,0.3127
297,-1,364.2,198.4,99.6,106.5,0.2993
297,-1,5.7,100.6,180.5,280.5,0.1475
297,-1,3.8,96.7,299.0,302.2,0.1021
298,-1,369.9,196.2,108.7,113.6,0.3440
298,-1,432.2,245.7,35.9,21.8,0.2264
298,-1,190.2,95.9,321.8,320.4,0.1735
299,-1,356.7,187.1,137.7,130.0,0.3075
299,-1,438.0,246.1,43.2,25.3,0.3005
299,-1,66.3,90.3,149.0,102.6,0.2173
299,-1,200.7,94.6,311.3,309.8,0.1245
300,-1,367.3,183.6,144.7,137.6,0.4234
300,-1,43.8,83.6,161.3,98.9,0.3409
300,-1,448.8,248.8,48.8,26.7,0.1647
300,-1,0.0,83.1,235.6,180.9,0.1005
301,-1,396.6,185.4,115.4,135.7,0.3082
301,-1,165.4,9.2,346.6,362.1,0.2658
301,-1,0.4,73.8,220.5,154.6,0.1233
302,-1,403.0,177.1,109.0,153.9,0.4211
302,-1,175.1,6.2,335.9,368.0,0.2251
302,-1,0.0,0.0,284.9,234.1,0.1209
303,-1,167.8,1.0,341.1,279.7,0.3278
304,-1,172.0,1.9,335.5,227.1,0.3177
305,-1,192.8,1.8,312.5,202.0,0.4194
305,-1,139.5,0.0,372.5,258.5,0.1859
305,-1,29.5,121.3,32.4,20.4,0.1539
306,-1,203.3,1.9,302.1,193.3,0.4187
306,-1,42.8,121.1,37.2,23.9,0.2523
306,-1,12.1,141.3,49.9,43.4,0.2327
306,-1,150.8,0.0,361.2,242.4,0.1620
306,-1,42.2,120.8,51.2,33.6,0.1566
307,-1,212.1,1.8,291.4,188.0,0.4158
307,-1,57.1,122.1,49.9,36.1,0.2492
307,-1,26.6,143.2,52.5,42.4,0.2015
307,-1,162.8,0.0,349.2,239.6,0.1456
308,-1,45.1,147.6,47.7,41.0,0.5201
308,-1,70.4,124.7,65.8,39.4,0.4133
308,-1,214.8,1.7,288.3,182.4,0.4072
309,-1,61.4,149.8,47.4,41.3,0.4915
309,-1,85.2,125.1,55.4,36.1,0.3977
309,-1,221.3,1.4,281.6,180.5,0.3762
309,-1,82.2,124.1,76.6,44.6,0.1308
310,-1,80.1,149.9,47.4,47.1,0.4945
310,-1,104.3,123.5,55.7,36.1,0.4308
310,-1,212.2,1.6,292.1,183.4,0.2272
311,-1,117.9,119.3,57.2,40.1,0.5755
311,-1,93.8,149.7,47.4,47.5,0.4853
311,-1,211.1,1.7,293.0,195.9,0.1599
312,-1,129.3,118.0,60.2,46.8,0.6578
312,-1,106.6,148.6,46.4,47.7,0.5157
312,-1,71.0,147.8,83.4,69.8,0.1516
313,-1,141.3,116.0,56.2,49.3,0.6790
313,-1,114.2,148.5,48.7,49.3,0.5282
313,-1,81.8,148.7,81.6,63.3,0.2300
314,-1,147.9,110.1,61.0,53.2,0.6690
314,-1,123.6,147.4,46.6,48.5,0.4801
314,-1,82.0,144.4,87.2,72.0,0.1720
315,-1,160.3,104.0,57.8,51.4,0.6401
315,-1,99.2,144.4,78.7,55.5,0.3545
315,-1,87.8,142.4,91.7,81.4,0.1307
316,-1,178.0,96.1,60.9,59.8,0.6860
316,-1,149.5,144.3,47.0,48.2,0.3942
316,-1,113.1,139.1,81.6,64.3,0.1457
317,-1,183.9,89.7,75.7,64.0,0.7650
317,-1,166.9,139.9,48.3,45.7,0.4884
317,-1,102.9,132.6,115.0,100.6,0.1853
317,-1,133.5,136.2,83.7,64.9,0.1319
318,-1,209.4,81.2,78.6,70.8,0.7045
318,-1,191.8,139.5,46.8,42.4,0.6132
318,-1,143.5,130.6,98.5,83.2,0.1427
318,-1,108.1,130.7,140.6,105.6,0.1226
319,-1,234.2,73.6,80.3,77.1,0.7421
319,-1,214.3,136.2,47.8,43.5,0.6786
319,-1,0.0,195.7,120.6,135.6,0.2426
319,-1,143.0,130.3,121.9,105.8,0.1047
320,-1,232.2,131.2,51.2,42.1,0.6882
320,-1,254.8,66.7,79.9,78.3,0.6800
320,-1,238.7,59.0,104.7,107.3,0.2797
320,-1,6.4,229.3,49.9,66.2,0.2318
320,-1,0.0,191.3,137.3,148.8,0.2142
320,-1,0.0,220.7,71.4,77.9,0.1642
321,-1,270.2,55.2,88.7,85.2,0.7123
321,-1,248.5,126.0,54.6,43.6,0.6509
321,-1,14.7,229.4,50.4,69.3,0.3457
321,-1,1.3,186.3,151.4,152.0,0.1829
321,-1,166.6,117.2,138.4,128.6,0.1160
322,-1,268.5,119.2,56.9,48.1,0.6038
322,-1,302.9,51.5,81.0,82.9,0.5736
322,-1,275.7,42.8,117.4,95.5,0.4272
322,-1,19.6,229.3,58.4,73.7,0.2562
322,-1,7.9,188.3,159.9,156.0,0.1472
323,-1,286.1,109.9,60.8,48.2,0.5713
323,-1,345.0,45.0,60.4,79.3,0.3868
323,-1,28.8,229.7,55.4,75.3,0.3169
323,-1,306.1,31.2,105.7,97.3,0.3126
323,-1,11.4,187.7,163.4,162.4,0.2181
324,-1,296.2,100.2,72.3,54.2,0.4342
324,-1,29.6,229.0,58.6,78.4,0.3811
324,-1,13.3,186.6,165.4,170.2,0.2477
324,-1,356.0,38.2,69.8,76.2,0.1134
325,-1,30.7,230.8,59.4,77.3,0.4916
325,-1,307.5,85.3,77.2,67.0,0.3906
325,-1,13.6,185.3,166.8,179.3,0.2430
326,-1,321.6,72.2,83.7,54.8,0.6655
326,-1,29.8,229.5,60.4,81.6,0.5370
326,-1,14.6,183.3,169.3,186.3,0.1712
326,-1,32.1,279.6,62.3,32.9,0.1423
327,-1,44.1,230.1,58.6,77.5,0.4829
327,-1,317.7,90.3,83.1,48.7,0.2472
327,-1,17.0,181.4,174.1,183.5,0.2451
328,-1,56.1,230.0,57.8,76.9,0.3761
328,-1,318.5,105.4,71.0,54.4,0.2569
328,-1,32.2,187.1,169.6,170.7,0.1798
329,-1,348.5,43.3,94.2,89.1,0.5121
329,-1,318.9,116.3,64.2,49.0,0.4900
329,-1,68.9,230.4,54.4,73.3,0.2332
329,-1,324.1,28.3,133.4,138.8,0.1588
329,-1,40.0,186.1,166.1,162.6,0.1480
330,-1,326.2,50.6,109.4,92.6,0.6309
330,-1,317.8,128.6,52.5,40.2,0.6165
330,-1,78.4,236.6,54.2,69.1,0.2283
330,-1,357.1,57.9,74.5,81.0,0.1555
331,-1,308.9,135.7,53.7,45.3,0.6868
331,-1,325.6,63.7,99.6,84.5,0.6324
331,-1,63.6,197.7,146.1,141.2,0.1573
331,-1,86.2,233.9,61.9,73.5,0.1442
332,-1,320.3,76.6,97.8,80.7,0.7132
332,-1,308.9,143.0,50.8,43.5,0.7026
332,-1,92.3,233.0,68.2,72.6,0.1914
332,-1,75.3,199.6,141.4,137.2,0.1782
333,-1,322.5,87.8,87.6,73.8,0.7207
333,-1,308.5,150.9,48.2,40.9,0.5628
333,-1,88.7,198.7,135.8,136.5,0.2047
333,-1,102.7,229.2,73.7,79.4,0.1589
333,-1,242.9,141.1,115.9,99.9,0.1335
334,-1,323.5,96.9,83.5,68.7,0.7261
334,-1,307.0,154.1,49.0,47.4,0.5489
334,-1,104.5,215.2,121.0,114.4,0.2559
334,-1,252.7,147.4,106.0,99.7,0.1925
334,-1,112.8,231.6,67.7,78.0,0.1247
335,-1,323.6,108.4,79.9,62.3,0.7618
335,-1,306.8,160.0,46.5,41.4,0.3706
335,-1,115.6,216.4,111.1,110.4,0.3250
335,-1,254.8,154.3,101.4,87.5,0.1915
335,-1,121.9,229.7,85.2,84.8,0.1374
336,-1,326.7,116.6,75.3,59.1,0.7258
336,-1,308.8,165.3,44.2,43.6,0.4099
336,-1,125.1,219.3,107.9,106.3,0.3594
336,-1,267.8,159.0,88.8,80.1,0.3475
336,-1,277.3,160.1,75.9,51.1,0.1123
337,-1,265.9,121.6,71.1,54.7,0.5977
337,-1,68.1,213.1,108.3,107.8,0.4640
337,-1,208.1,160.7,86.7,73.0,0.3124
337,-1,246.7,164.6,46.1,44.0,0.1559
338,-1,231.6,122.9,57.3,53.7,0.6542
338,-1,17.9,205.0,114.6,115.9,0.4121
338,-1,205.4,161.3,44.5,44.3,0.3506
338,-1,170.0,158.1,82.3,72.6,0.1807
339,-1,193.1,124.6,55.9,49.6,0.6460
339,-1,165.5,158.6,49.0,48.9,0.1561
339,-1,0.0,4.2,279.2,364.9,0.1266
339,-1,131.9,157.4,84.7,70.8,0.1052
340,-1,159.1,125.1,57.5,45.7,0.5998
340,-1,136.3,156.4,45.1,45.7,0.5023
340,-1,0.2,4.6,304.8,349.3,0.1089
341,-1,132.5,125.4,55.5,42.1,0.5888
341,-1,109.6,154.8,44.2,43.1,0.5791
341,-1,203.2,1.8,302.8,207.1,0.1076
341,-1,75.8,154.9,78.0,57.8,0.1043
342,-1,85.6,155.2,48.5,46.9,0.5391
342,-1,110.7,128.4,49.7,33.4,0.5354
342,-1,214.4,1.7,289.1,192.6,0.2560
343,-1,65.2,154.3,46.6,43.1,0.5390
343,-1,91.1,131.2,51.0,31.2,0.4501
343,-1,218.7,1.6,284.0,191.8,0.3745
344,-1,211.9,1.7,291.6,191.4,0.3947
344,-1,51.2,154.3,46.5,42.7,0.3631
344,-1,76.3,133.9,49.9,32.9,0.3622
344,-1,160.3,0.0,351.7,252.2,0.1163
344,-1,74.3,133.0,74.8,42.7,0.1003
345,-1,211.7,2.0,292.1,195.3,0.4105
345,-1,38.2,157.9,50.6,40.5,0.3177
345,-1,67.5,134.9,45.5,27.5,0.2245
345,-1,160.5,0.0,351.5,245.0,0.1673
345,-1,67.1,135.7,59.5,39.6,0.1014
346,-1,206.8,2.2,297.8,199.8,0.3920
346,-1,27.8,156.9,54.7,43.6,0.3775
346,-1,59.8,136.2,50.9,32.0,0.2934
346,-1,153.6,0.0,358.4,247.1,0.1715
347,-1,19.9,161.6,53.3,40.1,0.5736
347,-1,193.5,1.7,313.5,211.2,0.3736
347,-1,53.9,141.3,31.6,16.8,0.1117
348,-1,180.1,1.8,329.3,229.0,0.3600
348,-1,48.5,147.2,82.6,34.9,0.1306
348,-1,11.1,148.6,121.2,60.9,0.1274
348,-1,18.4,162.7,50.7,39.9,0.1091
349,-1,15.1,167.7,53.1,40.7,0.5702
349,-1,174.7,4.8,334.1,261.7,0.3129
349,-1,49.3,151.3,68.2,34.7,0.2137
349,-1,41.2,151.4,100.9,39.4,0.1035
350,-1,166.4,8.1,341.0,333.5,0.1948
350,-1,48.1,157.7,73.9,32.4,0.1149
351,-1,169.4,8.1,338.5,352.6,0.2262
352,-1,96.8,116.7,154.3,97.8,0.2586
352,-1,414.8,184.6,97.2,165.2,0.1735
353,-1,409.8,193.8,102.2,150.1,0.1998
353,-1,113.1,126.3,149.5,96.7,0.1971
354,-1,411.8,206.8,100.2,133.7,0.2995
355,-1,406.5,217.7,105.5,120.8,0.2444
355,-1,229.5,150.2,282.5,284.6,0.2398
355,-1,472.8,273.1,37.3,22.3,0.2026
356,-1,222.1,149.7,289.9,275.3,0.4584
356,-1,405.2,226.7,95.3,108.1,0.2830
357,-1,238.0,156.0,270.3,256.1,0.4341
357,-1,399.2,229.0,85.9,101.5,0.1797
357,-1,359.4,200.8,136.6,131.2,0.1186
358,-1,181.9,151.1,321.6,264.2,0.4779
358,-1,295.0,173.2,203.7,239.9,0.1835
358,-1,391.1,239.2,80.5,91.9,0.1199
358,-1,89.7,194.8,109.7,169.4,0.1175
358,-1,348.3,201.6,133.2,133.2,0.1165
359,-1,201.8,164.6,285.8,246.5,0.4615
359,-1,83.4,172.8,313.2,268.9,0.1994
359,-1,380.6,241.0,79.4,88.1,0.1742
359,-1,96.1,194.5,108.3,162.1,0.1545
359,-1,338.0,202.9,128.6,134.2,0.1137
360,-1,152.3,174.3,322.6,230.4,0.4343
360,-1,93.4,175.2,218.2,232.4,0.3436
360,-1,274.9,182.6,191.5,222.3,0.2383
360,-1,105.2,196.0,104.0,161.2,0.1406
360,-1,324.6,199.4,129.7,148.7,0.1199
361,-1,98.6,177.8,202.5,224.2,0.4628
361,-1,162.6,176.0,297.9,223.8,0.3901
361,-1,276.1,188.7,179.0,210.3,0.1856
361,-1,112.3,200.5,101.1,160.9,0.1011
362,-1,102.9,183.0,192.1,215.9,0.3870
362,-1,174.7,177.5,274.2,219.7,0.3141
362,-1,295.7,199.9,135.9,180.5,0.1258
363,-1,110.7,189.2,175.6,201.6,0.3385
363,-1,115.4,184.2,331.2,219.4,0.3198
363,-1,257.0,191.0,174.2,196.6,0.1955
364,-1,121.0,191.0,302.5,203.6,0.3784
364,-1,114.0,192.5,175.4,198.6,0.3209
364,-1,286.6,200.9,128.0,175.7,0.1674
364,-1,76.6,170.4,377.6,287.0,0.1052
365,-1,123.5,193.9,301.5,218.2,0.3779
365,-1,115.9,193.1,178.7,211.5,0.2638
365,-1,269.1,194.3,135.4,173.7,0.1117
366,-1,134.5,189.0,315.7,262.5,0.4505
366,-1,119.0,190.9,191.4,237.1,0.2109
366,-1,274.5,195.2,126.8,171.1,0.1505
367,-1,138.0,187.4,304.3,244.9,0.6595
368,-1,140.3,175.5,304.4,244.7,0.6808
369,-1,140.1,170.2,298.4,235.0,0.6846
370,-1,95.0,123.0,303.5,244.3,0.6385
370,-1,75.9,112.8,378.5,333.5,0.3626
371,-1,69.7,82.0,288.1,245.2,0.6215
371,-1,0.9,57.0,437.6,366.5,0.1619
372,-1,40.7,46.8,305.0,231.4,0.5813
372,-1,146.2,50.3,145.1,173.1,0.1377
372,-1,215.9,437.5,295.8,74.5,0.1210
373,-1,15.3,7.9,328.0,257.5,0.3202
374,-1,7.7,5.8,326.8,249.0,0.5001
374,-1,27.4,4.4,240.6,186.1,0.1680
374,-1,0.0,44.3,333.9,390.4,0.1241
375,-1,7.7,1.2,289.5,240.8,0.5807
375,-1,0.0,0.0,337.3,420.9,0.1442
376,-1,7.3,0.4,293.2,201.5,0.4769
376,-1,58.3,9.1,159.2,106.6,0.2367
376,-1,0.0,0.0,314.3,321.0,0.1493
377,-1,0.0,0.0,288.0,253.9,0.4611
377,-1,14.4,0.9,239.2,174.5,0.3722
377,-1,42.2,9.9,157.7,89.2,0.1639
377,-1,0.0,0.0,327.9,394.8,0.1440
378,-1,0.0,0.4,278.6,241.3,0.4113
378,-1,10.9,1.3,226.7,173.8,0.3071
378,-1,368.2,446.8,48.5,34.4,0.1178
379,-1,0.0,1.1,234.0,186.7,0.3333
379,-1,0.0,0.0,268.8,278.0,0.2144
379,-1,257.6,2.5,250.3,305.0,0.1316
379,-1,349.3,421.0,84.7,59.4,0.1129
380,-1,5.4,2.2,216.1,160.6,0.3186
380,-1,0.0,0.3,263.1,241.1,0.1838
380,-1,332.3,401.7,100.1,96.6,0.1451
380,-1,251.0,2.8,256.1,303.4,0.1085
381,-1,379.3,437.6,36.5,33.3,0.4091
381,-1,343.4,429.7,74.1,58.1,0.4087
381,-1,4.4,1.4,222.2,160.2,0.2683
381,-1,0.0,0.0,269.4,276.7,0.1438
381,-1,311.5,380.7,122.4,115.3,0.1144
381,-1,28.7,7.2,176.2,115.7,0.1048
382,-1,368.2,423.0,37.8,32.9,0.3681
382,-1,335.7,412.0,78.9,67.9,0.2000
382,-1,3.4,1.6,224.1,154.3,0.1112
382,-1,0.0,0.0,272.9,302.1,0.1013
383,-1,329.1,399.9,77.2,62.2,0.4535
383,-1,360.4,409.3,40.1,34.4,0.1686
383,-1,6.1,1.7,222.9,143.2,0.1675
383,-1,302.7,358.1,107.6,114.7,0.1357
384,-1,321.6,395.8,65.2,53.3,0.5487
384,-1,5.8,1.8,218.9,130.9,0.1411
385,-1,311.8,383.1,60.2,54.9,0.4756
385,-1,312.4,337.7,33.4,15.1,0.4278
385,-1,296.4,347.5,78.3,99.9,0.2087
385,-1,280.0,327.1,101.3,138.7,0.1158
386,-1,305.4,330.5,33.0,15.6,0.4651
386,-1,303.8,370.2,60.2,60.3,0.2379
386,-1,287.7,334.1,75.0,103.3,0.2368
387,-1,299.3,324.4,32.0,15.1,0.4204
387,-1,274.2,325.9,76.5,103.4,0.2476
387,-1,297.8,365.8,53.1,49.7,0.1425
388,-1,292.8,318.2,35.5,16.2,0.3531
388,-1,273.0,314.8,70.0,93.2,0.2592
388,-1,249.2,289.3,99.0,137.9,0.1052
389,-1,260.6,306.4,72.2,94.1,0.2391
389,-1,289.3,312.7,35.0,15.6,0.2183
390,-1,284.3,308.7,30.9,15.9,0.2180
390,-1,248.1,302.6,77.6,99.0,0.2038
391,-1,255.0,295.2,58.8,81.6,0.3506
391,-1,282.0,305.3,27.2,18.0,0.1596
391,-1,0.0,51.6,420.1,424.8,0.1092
392,-1,250.4,300.0,55.2,69.2,0.2765
392,-1,278.2,301.0,24.1,15.9,0.1585
393,-1,247.1,296.5,51.0,64.1,0.1786
398,-1,0.0,6.3,304.0,379.1,0.1119
399,-1,0.0,6.6,302.5,370.2,0.1573
400,-1,0.0,6.7,299.6,350.1,0.2036
401,-1,0.0,7.6,293.3,337.8,0.2476
402,-1,0.0,7.0,289.8,327.8,0.2919
403,-1,0.0,7.0,286.4,325.3,0.3190
404,-1,0.0,8.6,278.6,321.6,0.3464
405,-1,0.0,9.6,276.1,316.3,0.3636
406,-1,0.0,12.1,268.3,313.7,0.3813
407,-1,0.6,13.4,261.6,307.4,0.3622
408,-1,1.1,14.4,259.3,307.0,0.3707
409,-1,1.9,14.9,254.1,299.3,0.3785
410,-1,2.5,17.6,252.9,296.5,0.3881
411,-1,3.6,19.3,248.2,293.7,0.4020
412,-1,4.0,21.4,245.8,290.1,0.4093
413,-1,12.2,21.8,244.9,289.9,0.3984
414,-1,15.6,27.5,238.8,281.4,0.4447
415,-1,18.7,32.6,233.7,274.3,0.4559
416,-1,25.4,35.4,223.8,270.7,0.5060
416,-1,59.8,56.3,92.0,90.6,0.4423
417,-1,28.4,46.6,218.6,262.7,0.5294
417,-1,64.6,62.2,90.6,85.5,0.2978
418,-1,72.1,67.8,91.8,76.6,0.5631
418,-1,32.5,58.1,213.9,254.6,0.4936
419,-1,47.2,70.1,194.3,233.6,0.5154
419,-1,74.4,73.8,90.3,77.7,0.2295
420,-1,51.7,72.8,191.6,229.8,0.4871
420,-1,80.2,80.3,86.1,72.6,0.2922
421,-1,52.4,74.7,193.3,232.6,0.5130
421,-1,78.4,80.6,156.2,130.7,0.1524
421,-1,83.3,83.6,93.4,82.0,0.1454
422,-1,57.0,77.9,188.3,229.7,0.5031
423,-1,60.9,84.5,185.4,224.1,0.4671
423,-1,81.7,121.5,98.1,164.9,0.1050
424,-1,73.0,88.5,177.8,218.1,0.4756
424,-1,83.3,130.9,91.8,151.5,0.1603
425,-1,76.1,90.5,175.7,214.7,0.5034
425,-1,87.3,132.6,88.7,150.8,0.1257
426,-1,81.1,92.6,172.1,213.4,0.5031
427,-1,84.6,99.3,169.1,205.1,0.5054
428,-1,87.4,101.6,167.6,202.5,0.4787
428,-1,100.8,117.2,108.7,164.4,0.1877
428,-1,59.2,68.0,341.5,405.7,0.1067
429,-1,90.5,103.7,167.6,199.8,0.4456
429,-1,44.3,50.0,376.9,456.0,0.1231
430,-1,99.6,103.7,172.8,205.1,0.4644
430,-1,52.8,50.0,368.3,448.0,0.1399
431,-1,102.6,110.4,172.1,197.2,0.4966
431,-1,57.7,53.0,361.1,434.5,0.1771
432,-1,107.7,116.2,166.8,189.0,0.4877
432,-1,78.2,64.6,355.1,427.8,0.2097
433,-1,118.7,119.5,148.0,157.6,0.4541
433,-1,84.6,84.3,345.9,402.7,0.2428
433,-1,97.2,115.9,219.3,240.1,0.1065
434,-1,122.8,126.3,145.8,150.8,0.5321
434,-1,87.7,88.1,344.2,407.1,0.2739
434,-1,99.5,116.0,211.5,231.8,0.1175
435,-1,130.7,131.5,150.4,146.0,0.5472
435,-1,91.4,99.5,338.5,389.8,0.3226
435,-1,101.2,123.4,204.3,220.9,0.1499
436,-1,134.0,133.4,150.2,145.2,0.5774
436,-1,94.3,89.2,336.6,397.5,0.3275
436,-1,108.9,124.9,182.6,211.8,0.1584
436,-1,89.3,103.0,257.2,321.6,0.1016
437,-1,138.8,137.6,143.5,141.7,0.6277
437,-1,95.5,79.0,336.3,402.1,0.3200
437,-1,93.0,106.9,253.7,320.6,0.1079
438,-1,142.6,143.6,140.6,137.1,0.6426
438,-1,97.4,87.3,333.2,380.4,0.3127
438,-1,112.9,131.8,235.8,308.6,0.2972
439,-1,145.1,146.7,129.7,131.2,0.6549
439,-1,114.9,120.8,232.2,313.2,0.3551
439,-1,110.3,85.5,324.0,385.0,0.2988
440,-1,147.4,151.7,128.2,126.7,0.6814
440,-1,116.5,116.6,227.0,308.7,0.3911
440,-1,112.3,87.9,320.8,370.0,0.3014
441,-1,147.2,155.9,133.2,127.1,0.7217
441,-1,117.4,122.7,220.3,299.6,0.4027
441,-1,113.4,101.8,318.8,347.7,0.3067
442,-1,149.7,160.5,127.0,118.6,0.7007
442,-1,118.0,125.2,216.1,292.8,0.4155
443,-1,151.5,163.3,124.1,116.1,0.6868
443,-1,119.1,125.8,219.8,283.0,0.3863
444,-1,153.7,165.6,118.9,113.8,0.6582
444,-1,120.7,129.3,217.4,274.3,0.3677
445,-1,154.5,169.3,121.4,110.6,0.7133
445,-1,123.3,135.3,205.4,262.1,0.3225
445,-1,115.6,112.5,345.4,362.1,0.1159
446,-1,157.4,173.2,118.2,107.2,0.6459
446,-1,121.2,134.6,284.9,279.2,0.3582
447,-1,160.6,176.1,111.8,103.9,0.5124
447,-1,123.0,140.5,282.1,286.8,0.3976
447,-1,127.3,151.6,195.6,244.9,0.3101
448,-1,161.2,178.4,108.9,102.2,0.5548
448,-1,124.4,143.0,275.2,309.8,0.4013
448,-1,128.8,153.9,198.9,248.0,0.2553
449,-1,163.6,182.4,104.8,98.2,0.6273
449,-1,123.7,144.3,279.2,316.1,0.3888
449,-1,129.4,156.4,196.0,249.7,0.1757
450,-1,166.2,183.7,99.5,97.5,0.5702
450,-1,123.2,145.3,283.5,310.0,0.4369
450,-1,131.0,159.5,193.9,256.1,0.1450
451,-1,168.6,185.8,97.9,95.9,0.5541
451,-1,124.6,147.0,270.0,303.2,0.4563
451,-1,133.4,161.8,191.0,248.2,0.1369
452,-1,172.7,186.0,96.1,96.0,0.5003
452,-1,128.0,152.1,259.7,291.5,0.4243
453,-1,178.9,187.9,90.9,94.4,0.4991
453,-1,139.2,156.0,260.9,288.0,0.4063
454,-1,179.7,191.0,87.6,91.1,0.4834
454,-1,139.5,157.6,258.4,276.5,0.4492
455,-1,181.3,192.8,86.2,88.7,0.4938
455,-1,141.8,158.9,251.2,268.1,0.3698
456,-1,185.7,195.2,83.7,86.9,0.4887
456,-1,146.3,157.9,244.3,266.6,0.2845
457,-1,188.3,195.2,83.1,87.8,0.5302
457,-1,146.9,155.1,243.3,271.7,0.2849
458,-1,191.6,194.4,80.5,89.0,0.4738
458,-1,148.1,152.9,242.4,285.4,0.2639
458,-1,123.0,127.4,328.4,384.6,0.1416
459,-1,194.3,195.4,78.1,87.2,0.4096
459,-1,151.1,149.9,240.0,288.6,0.2418
459,-1,129.2,133.7,316.8,378.3,0.1456
460,-1,197.9,197.4,75.7,84.8,0.4187
460,-1,130.2,129.1,323.1,382.9,0.1916
460,-1,154.2,147.3,237.2,278.5,0.1906
461,-1,200.9,198.2,75.3,83.5,0.4350
461,-1,129.9,128.0,324.1,384.0,0.1606
461,-1,155.7,144.7,234.4,275.6,0.1443
462,-1,202.9,198.7,75.1,84.4,0.3706
462,-1,130.4,124.2,328.8,387.8,0.1338
462,-1,159.1,142.1,228.9,280.5,0.1093
463,-1,206.6,199.1,73.4,87.3,0.2191
463,-1,131.6,116.3,333.5,395.7,0.1297
464,-1,207.3,200.3,74.7,78.7,0.1422
464,-1,154.0,132.5,307.4,374.4,0.1182
464,-1,174.1,159.8,221.2,276.7,0.1115
464,-1,195.3,187.0,139.2,161.0,0.1009
465,-1,213.1,205.0,67.7,75.5,0.1644
465,-1,176.3,163.5,217.6,270.3,0.1404
465,-1,156.4,134.4,312.1,348.2,0.1152
466,-1,215.2,205.4,67.9,76.6,0.1711
466,-1,203.7,190.2,135.3,159.4,0.1333
466,-1,159.6,129.0,316.5,360.7,0.1162
467,-1,219.5,208.9,63.9,72.8,0.1741
467,-1,208.9,192.7,130.1,153.3,0.1524
467,-1,161.8,126.9,322.7,374.4,0.1103
468,-1,222.4,212.0,65.1,70.5,0.1741
468,-1,214.3,195.4,124.9,145.9,0.1205
469,-1,219.2,201.5,122.9,141.8,0.1387
469,-1,227.6,213.4,59.7,67.8,0.1298
470,-1,222.9,205.8,119.6,137.2,0.1386
471,-1,222.8,203.0,135.5,151.4,0.1182
472,-1,227.3,200.6,150.5,161.0,0.2238
473,-1,229.5,203.1,148.8,160.7,0.2327
473,-1,241.2,218.7,91.7,114.2,0.1127
474,-1,236.9,214.0,122.5,143.2,0.1399
474,-1,244.7,221.9,90.8,113.8,0.1160
475,-1,245.7,221.5,96.3,118.9,0.1715
476,-1,253.4,225.7,83.5,108.2,0.1958
477,-1,256.1,229.1,79.4,105.5,0.2227
477,-1,226.1,198.6,176.5,213.4,0.1084
478,-1,257.9,231.0,78.0,104.8,0.2819
478,-1,227.7,201.9,174.7,209.8,0.1167
479,-1,259.4,234.0,76.6,102.2,0.3138
479,-1,229.2,203.7,173.3,207.9,0.1154
480,-1,257.2,235.8,83.0,102.8,0.3414
481,-1,259.0,239.1,80.7,99.4,0.3535
481,-1,230.3,207.9,172.1,206.4,0.1067
482,-1,260.5,240.6,78.4,97.5,0.3868
483,-1,261.7,241.5,76.7,96.0,0.4537
483,-1,232.8,209.3,170.1,201.8,0.1287
484,-1,262.8,242.0,76.1,95.8,0.4796
485,-1,263.1,243.2,75.6,94.8,0.4574
486,-1,263.4,245.1,74.0,93.2,0.4139
487,-1,263.8,247.0,73.3,91.8,0.3615
488,-1,264.2,249.2,72.0,89.7,0.3129
489,-1,260.0,247.0,76.6,86.9,0.3134
490,-1,259.6,248.1,75.6,86.8,0.3442
491,-1,259.7,249.2,74.2,86.1,0.3760
492,-1,188.0,223.1,76.0,90.0,0.3599
492,-1,176.3,205.7,128.6,151.6,0.1393
493,-1,120.1,190.9,73.6,85.4,0.3563
493,-1,108.6,175.9,133.7,149.8,0.1510
494,-1,51.2,160.4,78.4,82.5,0.4183
494,-1,39.7,147.9,141.7,153.0,0.1470
495,-1,0.0,112.4,130.3,164.1,0.2290
495,-1,3.5,127.9,64.9,91.0,0.1394
496,-1,2.6,129.5,61.7,107.4,0.1469
496,-1,0.5,27.7,261.4,401.0,0.1441
496,-1,307.4,55.9,204.6,410.8,0.1282
497,-1,300.9,20.0,207.6,302.9,0.2763
497,-1,1.7,16.7,226.3,353.0,0.2621
498,-1,430.5,247.8,81.1,138.5,0.2508
498,-1,260.3,12.5,245.8,322.7,0.2380
498,-1,0.0,6.6,226.5,341.2,0.1790
498,-1,462.2,287.7,49.8,51.3,0.1599
498,-1,398.6,228.0,113.4,168.6,0.1068
499,-1,0.3,17.3,176.1,310.0,0.3007
499,-1,369.0,219.6,143.0,172.6,0.2707
499,-1,244.8,7.8,256.0,285.9,0.2032
499,-1,416.8,269.8,56.2,47.6,0.1815
499,-1,0.3,90.1,152.7,289.7,0.1385
500,-1,335.0,205.0,172.6,186.6,0.4041
500,-1,0.0,48.1,131.0,262.1,0.2818
500,-1,375.7,258.4,54.9,46.2,0.1987
500,-1,356.9,221.6,117.6,132.1,0.1377
501,-1,293.7,176.9,215.5,224.9,0.3541
501,-1,341.3,245.3,54.1,47.3,0.2022
501,-1,321.6,210.2,114.7,129.5,0.1282
502,-1,266.1,165.0,241.6,236.2,0.3668
502,-1,310.5,236.0,55.0,47.6,0.2086
502,-1,291.2,201.3,113.7,126.0,0.1101
503,-1,215.7,146.9,296.3,256.1,0.4400
503,-1,285.7,230.1,54.2,47.3,0.1782
503,-1,267.7,194.6,111.3,128.3,0.1745
503,-1,241.5,169.6,170.0,203.9,0.1298
504,-1,210.5,151.2,301.5,229.7,0.4466
504,-1,266.0,224.3,54.6,47.2,0.1988
504,-1,246.0,189.6,114.2,125.9,0.1198
504,-1,221.6,168.0,162.5,188.7,0.1153
505,-1,167.6,147.6,343.0,249.1,0.4292
505,-1,250.2,220.8,54.8,48.3,0.2131
505,-1,227.9,184.1,117.8,131.1,0.1731
506,-1,178.4,144.4,320.6,236.2,0.3947
506,-1,236.6,219.9,51.9,46.3,0.2978
506,-1,213.1,181.2,117.1,134.2,0.2159
506,-1,190.9,161.9,157.3,186.2,0.1093
507,-1,189.7,131.4,297.8,246.1,0.3650
507,-1,225.9,219.1,50.8,46.8,0.2935
507,-1,201.4,180.4,118.4,133.3,0.2365
507,-1,282.5,142.0,195.0,220.3,0.1145
508,-1,216.7,219.4,52.0,46.7,0.3166
508,-1,190.5,130.1,291.0,243.1,0.3000
508,-1,191.0,180.2,120.9,134.9,0.1642
508,-1,102.9,122.5,409.1,303.3,0.1083
509,-1,209.9,220.8,52.6,48.1,0.3236
509,-1,139.0,128.2,342.2,254.7,0.2945
509,-1,183.3,179.7,122.4,135.4,0.2080
509,-1,257.6,138.1,208.1,223.9,0.1470
510,-1,141.7,129.3,337.3,255.2,0.2896
510,-1,204.1,223.1,52.9,47.8,0.2627
510,-1,259.7,139.5,204.7,227.7,0.1488
510,-1,177.3,181.1,125.5,136.2,0.1098
511,-1,201.5,225.6,50.8,48.3,0.3013
511,-1,144.1,129.5,335.1,254.5,0.3008
511,-1,258.7,140.1,205.6,231.4,0.1325
511,-1,175.5,183.4,122.6,133.7,0.1168
512,-1,144.7,131.0,335.8,259.3,0.3200
512,-1,197.2,228.7,53.2,48.1,0.3011
512,-1,172.7,185.2,121.7,136.9,0.1305
512,-1,256.0,141.1,209.1,235.3,0.1122
513,-1,195.9,231.2,53.7,48.9,0.3465
513,-1,145.5,131.7,337.8,259.3,0.3196
513,-1,171.1,188.8,120.7,136.1,0.1649
513,-1,257.8,141.9,208.6,237.7,0.1145
514,-1,188.3,138.7,293.7,256.8,0.3144
514,-1,195.4,234.5,53.8,49.1,0.2573
515,-1,182.3,141.1,305.1,265.4,0.3329
515,-1,194.8,238.3,53.8,49.5,0.2658
516,-1,194.4,242.5,51.6,48.9,0.3050
516,-1,174.9,143.2,321.0,266.5,0.3021
517,-1,170.7,142.1,333.1,272.3,0.2981
517,-1,192.4,245.4,55.5,49.7,0.2645
517,-1,167.6,200.7,122.7,134.2,0.1316
518,-1,220.8,144.7,285.7,270.8,0.3565
518,-1,191.8,250.1,54.3,50.6,0.2612
519,-1,223.5,141.9,288.5,280.8,0.3801
519,-1,190.5,253.5,54.4,49.2,0.2914
520,-1,189.5,255.0,53.8,51.1,0.3201
520,-1,210.6,139.6,301.3,290.6,0.2888
520,-1,166.9,209.2,120.7,131.9,0.1287
521,-1,187.3,257.0,54.4,50.8,0.3075
521,-1,207.4,125.4,304.6,309.7,0.1948
521,-1,162.8,208.5,126.2,138.3,0.1636
522,-1,185.2,260.5,52.5,49.2,0.3293
522,-1,156.5,210.6,134.3,150.1,0.1261
522,-1,203.9,117.7,308.1,326.4,0.1146
523,-1,182.9,260.5,52.8,51.6,0.2590
523,-1,153.6,209.6,136.1,149.2,0.1481
524,-1,177.9,261.0,54.9,53.0,0.2869
524,-1,151.8,210.3,135.3,139.3,0.1373
525,-1,176.1,260.9,54.0,52.9,0.2862
525,-1,145.5,9.8,365.7,395.6,0.1081
525,-1,148.1,209.7,134.6,136.0,0.1018
526,-1,171.3,261.0,53.6,52.9,0.3065
526,-1,147.1,9.6,362.2,395.6,0.1213
527,-1,167.7,260.4,55.0,53.4,0.3051
527,-1,159.8,10.8,349.4,351.4,0.1414
527,-1,138.0,207.0,144.0,148.0,0.1204
528,-1,163.3,260.4,54.9,53.3,0.2368
528,-1,163.0,10.5,345.1,351.1,0.1433
529,-1,157.3,255.8,56.2,55.7,0.3186
529,-1,167.2,9.9,340.8,352.3,0.1523
530,-1,151.9,254.1,58.9,55.0,0.3129
530,-1,172.5,9.6,335.9,353.8,0.1433
531,-1,144.7,249.1,65.5,68.6,0.2784
531,-1,173.5,3.9,338.5,313.5,0.1440
532,-1,141.2,248.5,58.1,58.4,0.3401
532,-1,180.3,3.7,330.1,311.5,0.1246
533,-1,136.0,248.4,57.9,57.8,0.2667
534,-1,130.1,247.3,57.6,55.3,0.3220
535,-1,123.5,240.0,63.7,67.2,0.3642
536,-1,114.2,237.6,68.9,70.9,0.4286
537,-1,107.8,234.9,68.3,68.9,0.5043
538,-1,100.1,231.8,72.3,73.4,0.3740
538,-1,103.8,243.9,59.4,52.3,0.1979
538,-1,51.4,165.9,182.2,193.1,0.1146
539,-1,96.6,230.4,67.5,73.9,0.3854
539,-1,98.1,247.2,58.5,48.6,0.2797
539,-1,41.9,163.8,187.2,198.8,0.1695
540,-1,86.4,229.7,74.7,75.2,0.4172
540,-1,91.2,248.9,60.5,47.6,0.3323
540,-1,36.5,162.2,187.1,199.5,0.1458
541,-1,84.0,229.2,68.3,75.5,0.4889
541,-1,30.0,157.0,186.5,202.0,0.2700
541,-1,85.4,251.9,59.3,44.7,0.2313
542,-1,77.4,226.7,71.3,75.7,0.4999
542,-1,78.2,253.7,59.9,42.4,0.2896
542,-1,13.9,155.1,202.7,212.7,0.1714
543,-1,70.5,227.7,70.0,77.1,0.5386
543,-1,11.2,154.0,198.7,215.6,0.3342
543,-1,71.4,254.3,60.0,42.7,0.3096
544,-1,56.8,228.1,78.4,82.0,0.5240
544,-1,62.6,254.6,61.2,43.0,0.3777
544,-1,7.5,153.2,197.7,216.1,0.3355
545,-1,44.9,228.4,79.1,81.0,0.5584
545,-1,51.5,257.4,63.4,43.2,0.3280
545,-1,2.9,152.2,189.5,215.3,0.1131
546,-1,36.0,262.2,57.6,41.0,0.5957
546,-1,30.1,229.3,79.7,84.3,0.5343
546,-1,0.0,150.1,187.5,230.0,0.1431
547,-1,9.6,229.9,80.4,82.2,0.6698
547,-1,15.5,261.1,61.9,43.5,0.3258
547,-1,0.0,149.2,164.8,228.1,0.1820
548,-1,0.9,270.9,52.6,42.5,0.6393
548,-1,0.0,234.5,72.9,90.4,0.4079
548,-1,0.0,138.6,158.6,270.6,0.1164
549,-1,0.0,233.2,50.1,90.0,0.3809
549,-1,0.3,113.0,150.9,316.2,0.1965
550,-1,0.0,145.3,97.0,206.8,0.1285
551,-1,0.0,169.0,67.3,163.9,0.2330
554,-1,238.6,5.1,269.5,306.4,0.1105
555,-1,465.5,199.7,46.5,101.1,0.2457
555,-1,247.4,5.6,257.3,299.8,0.1249
556,-1,449.1,196.5,62.4,111.6,0.2942
556,-1,424.1,178.3,87.6,157.6,0.1033
557,-1,427.9,194.3,83.9,114.6,0.5053
557,-1,446.7,193.8,65.1,54.8,0.1297
558,-1,405.6,192.1,106.4,125.9,0.5912
558,-1,427.2,196.5,77.1,45.1,0.1800
559,-1,388.0,193.0,124.0,130.3,0.5057
559,-1,394.8,193.6,117.2,59.0,0.4272
559,-1,350.9,192.6,161.1,175.3,0.1115
560,-1,365.8,191.2,146.0,129.1,0.6837
560,-1,240.6,139.9,271.4,295.2,0.1241
560,-1,316.6,192.0,195.4,198.0,0.1195
561,-1,340.6,191.0,156.4,124.2,0.7188
561,-1,214.2,159.5,297.8,267.5,0.3012
562,-1,317.8,190.5,156.5,126.6,0.7432
562,-1,162.1,136.1,349.9,375.9,0.2666
562,-1,269.4,170.0,231.7,253.3,0.1341
563,-1,300.4,189.8,154.6,124.9,0.6978
563,-1,199.3,140.7,312.7,371.3,0.2638
563,-1,270.4,166.4,231.2,258.8,0.1837
564,-1,286.4,183.1,161.2,128.6,0.6849
564,-1,249.3,163.5,247.7,262.4,0.2116
564,-1,221.0,141.3,291.0,370.7,0.1661
564,-1,373.5,189.4,74.4,124.9,0.1145
565,-1,270.8,176.7,159.1,137.0,0.6171
565,-1,247.3,157.2,239.8,208.9,0.2352
566,-1,264.2,172.9,160.8,138.3,0.6132
566,-1,240.0,151.0,236.5,211.7,0.1458
567,-1,250.4,167.1,163.2,144.5,0.5830
567,-1,219.7,145.7,256.3,218.2,0.1101
568,-1,226.4,150.7,191.2,176.4,0.5008
568,-1,327.8,158.5,94.5,154.7,0.1376
569,-1,214.7,146.9,202.4,177.0,0.5637
569,-1,321.5,152.6,98.2,160.3,0.1337
569,-1,233.5,153.6,138.9,67.0,0.1085
569,-1,223.9,154.6,133.8,154.1,0.1054
570,-1,204.3,137.7,213.4,186.5,0.5933
570,-1,313.3,149.4,106.5,166.0,0.1333
570,-1,240.7,154.6,150.0,150.0,0.1160
570,-1,264.9,200.9,34.2,17.3,0.1118
570,-1,210.5,145.8,121.6,165.4,0.1025
571,-1,197.5,130.0,224.7,206.8,0.5718
571,-1,208.5,141.9,165.6,101.2,0.2012
571,-1,310.8,147.4,111.0,172.9,0.1644
571,-1,257.4,200.2,36.9,18.0,0.1039
572,-1,181.4,117.5,243.7,222.7,0.5377
572,-1,201.6,138.2,167.5,115.2,0.1082
572,-1,214.4,138.0,63.5,78.6,0.1021
573,-1,172.3,114.0,255.9,242.3,0.5784
573,-1,189.3,132.3,164.4,140.8,0.1151
574,-1,166.5,114.2,262.9,261.2,0.5965
574,-1,196.0,127.8,62.8,84.8,0.1026
575,-1,157.8,104.5,275.0,276.3,0.5052
576,-1,138.7,82.8,330.0,309.4,0.4680
577,-1,129.1,58.3,345.7,356.3,0.1722
578,-1,92.0,49.1,359.7,358.4,0.1368
578,-1,288.1,116.8,146.1,216.4,0.1207
578,-1,219.2,316.9,147.8,23.4,0.1050
579,-1,148.5,72.3,295.8,287.0,0.2179
579,-1,283.6,115.9,155.3,223.7,0.1822
579,-1,225.3,86.2,162.2,149.2,0.1441
579,-1,71.8,46.1,412.4,344.2,0.1232
580,-1,226.8,86.5,128.7,65.7,0.2926
580,-1,140.6,63.0,308.7,300.4,0.2049
580,-1,282.5,109.1,163.2,236.8,0.1834
580,-1,149.4,119.7,82.4,95.7,0.1227
580,-1,219.5,79.0,156.3,131.1,0.1130
581,-1,203.2,79.6,156.7,72.5,0.2325
581,-1,242.9,74.3,216.1,286.2,0.2150
581,-1,98.8,72.2,178.9,163.6,0.2093
581,-1,135.1,51.2,323.9,325.3,0.1877
581,-1,114.3,68.6,323.0,165.8,0.1080
582,-1,91.9,52.6,308.9,193.5,0.3307
582,-1,139.6,41.9,341.0,289.2,0.2420
582,-1,182.7,67.4,186.7,76.9,0.2015
582,-1,94.0,59.1,189.4,172.7,0.1708
582,-1,107.5,67.0,115.9,158.5,0.1586
582,-1,239.1,59.9,233.1,308.7,0.1417
582,-1,125.7,73.4,65.2,75.8,0.1032
583,-1,84.3,43.0,337.8,214.6,0.4022
583,-1,95.0,53.6,125.4,182.3,0.2537
583,-1,108.9,19.6,403.1,356.5,0.1651
583,-1,264.5,61.4,222.9,314.7,0.1548
583,-1,87.4,46.8,208.6,187.9,0.1118
584,-1,68.6,22.1,273.3,219.5,0.3303
584,-1,80.4,42.9,129.1,191.0,0.2084
584,-1,259.1,33.6,236.5,353.3,0.1728
584,-1,298.0,119.0,189.1,263.8,0.1261
585,-1,40.3,8.1,310.6,246.8,0.3148
585,-1,235.0,14.6,270.4,391.2,0.1885
586,-1,212.4,26.5,297.6,400.0,0.1458
586,-1,4.5,6.1,197.1,236.5,0.1225
586,-1,0.0,0.0,379.6,312.6,0.1181
587,-1,242.4,42.8,269.6,413.3,0.1532
587,-1,349.7,94.0,160.4,315.2,0.1286
588,-1,0.0,2.3,196.1,228.8,0.2866
588,-1,210.2,21.1,301.8,438.1,0.1158
589,-1,246.0,34.4,266.0,426.2,0.1210
590,-1,404.5,190.5,99.3,208.6,0.1565
590,-1,251.4,34.8,260.6,408.9,0.1353
590,-1,352.9,112.3,159.1,287.9,0.1143
591,-1,438.3,218.5,48.1,37.1,0.3700
591,-1,359.2,116.7,152.8,273.4,0.1609
591,-1,312.7,61.1,199.3,362.6,0.1275
591,-1,197.8,4.4,312.4,403.5,0.1019
592,-1,386.1,210.8,114.5,170.4,0.2496
592,-1,288.5,14.2,223.5,383.5,0.1217
593,-1,376.8,213.5,123.3,172.0,0.3169
593,-1,409.9,215.9,48.1,37.3,0.1118
593,-1,289.9,17.5,222.1,378.1,0.1041
594,-1,362.8,208.7,139.9,181.0,0.3589
595,-1,337.8,198.9,162.5,200.9,0.2865
595,-1,372.1,355.6,85.4,33.1,0.1638
596,-1,365.4,362.2,79.4,31.6,0.1635
596,-1,325.6,205.3,159.2,195.7,0.1131
602,-1,291.3,365.2,45.0,24.4,0.1953
603,-1,279.3,365.3,46.5,26.1,0.3340
604,-1,270.3,367.6,46.6,26.2,0.3714
605,-1,264.1,370.2,45.9,28.4,0.4619
605,-1,253.1,151.8,65.7,56.4,0.1059
606,-1,252.7,371.3,51.2,31.2,0.4616
607,-1,247.0,376.0,51.0,30.3,0.4381
607,-1,238.7,140.7,68.0,54.8,0.2920
608,-1,239.9,378.3,54.9,34.8,0.4998
608,-1,232.4,135.3,71.5,56.6,0.2138
609,-1,237.0,382.4,56.5,36.8,0.4018
609,-1,231.8,130.5,68.2,57.3,0.2045
610,-1,232.4,385.7,59.2,40.6,0.4921
610,-1,227.7,125.5,71.8,58.6,0.3364
611,-1,228.3,392.2,61.3,45.1,0.4662
611,-1,216.9,118.0,87.8,69.8,0.4288
612,-1,217.3,113.7,86.3,72.5,0.4500
612,-1,222.7,398.6,65.0,53.0,0.4478
613,-1,211.6,108.5,94.9,72.5,0.5405
613,-1,217.5,407.5,69.8,56.5,0.4050
614,-1,208.9,101.7,102.3,71.8,0.5648
615,-1,206.6,97.1,109.0,75.1,0.5996
616,-1,203.8,88.7,113.4,78.9,0.4872
617,-1,199.9,83.7,117.4,79.2,0.3595
618,-1,242.8,482.3,44.8,29.7,0.3939
618,-1,200.2,85.8,116.6,78.4,0.3005
619,-1,185.8,88.7,129.6,82.0,0.3828
620,-1,174.0,84.3,142.1,87.3,0.2459
