1,-1,208.2,181.3,117.2,155.2,0.5361
1,-1,115.9,6.8,331.2,389.9,0.1243
2,-1,208.9,180.6,119.1,155.7,0.5485
2,-1,112.5,5.5,339.4,391.3,0.1348
3,-1,210.3,180.4,120.7,156.3,0.5694
3,-1,110.1,5.0,343.7,392.3,0.1341
4,-1,212.0,182.6,119.9,153.1,0.5900
4,-1,107.3,5.2,346.4,392.8,0.1195
5,-1,214.0,188.5,118.6,148.0,0.5722
5,-1,105.8,4.8,349.8,393.3,0.1047
6,-1,216.3,194.8,116.8,144.0,0.4865
7,-1,213.6,185.8,127.8,164.6,0.4081
8,-1,218.4,189.6,123.6,158.7,0.5024
9,-1,220.8,195.1,121.6,154.1,0.5880
10,-1,217.5,194.6,131.8,164.5,0.4941
11,-1,221.0,200.1,127.2,162.1,0.5285
12,-1,223.5,209.4,122.8,155.5,0.5454
13,-1,218.8,209.1,131.6,165.6,0.5205
14,-1,221.6,217.1,127.3,162.5,0.5011
15,-1,215.4,217.2,137.0,171.3,0.4889
16,-1,218.5,224.8,132.2,167.5,0.5017
16,-1,219.9,255.8,52.1,117.4,0.1126
16,-1,271.6,244.4,68.3,109.1,0.1071
17,-1,211.5,225.0,143.0,175.2,0.4476
18,-1,212.2,230.0,140.7,174.2,0.4356
18,-1,216.8,262.9,53.3,115.7,0.1251
19,-1,216.0,234.4,132.2,177.7,0.4175
19,-1,269.4,256.2,69.2,109.4,0.1183
20,-1,216.2,242.3,129.9,171.4,0.4109
20,-1,215.0,270.1,52.0,115.7,0.1189
21,-1,208.4,238.9,139.5,182.3,0.3897
21,-1,266.3,261.7,71.1,111.9,0.1059
22,-1,207.5,241.2,137.7,182.3,0.4038
22,-1,264.3,263.6,71.9,109.3,0.1200
22,-1,213.6,276.2,49.9,113.6,0.1094
23,-1,206.7,241.8,138.4,182.9,0.3666
23,-1,263.7,264.5,72.1,108.3,0.1064
24,-1,205.7,241.9,138.6,181.6,0.3510
24,-1,263.4,264.3,72.0,108.0,0.1105
24,-1,208.0,278.7,53.9,112.7,0.1034
25,-1,203.4,240.8,140.9,182.5,0.3193
25,-1,206.6,277.4,54.1,114.2,0.1330
25,-1,261.7,262.9,73.8,110.9,0.1081
26,-1,200.3,239.0,145.3,183.5,0.3028
26,-1,206.0,275.5,54.6,116.3,0.1437
26,-1,261.5,261.8,73.9,111.7,0.1130
27,-1,207.2,240.2,129.5,173.7,0.2885
27,-1,184.1,226.0,179.8,210.3,0.1207
27,-1,206.5,271.7,54.4,112.6,0.1128
28,-1,205.7,229.8,140.0,179.9,0.3054
28,-1,264.8,251.1,73.5,107.5,0.1605
28,-1,182.3,206.3,186.8,234.6,0.1328
28,-1,206.2,267.8,57.3,117.8,0.1233
29,-1,204.1,226.3,143.9,181.0,0.3032
29,-1,270.3,249.3,70.6,99.9,0.1780
29,-1,179.3,194.8,193.8,249.0,0.1254
29,-1,207.3,263.8,56.2,115.2,0.1193
30,-1,209.7,218.1,137.5,178.9,0.3336
30,-1,274.0,243.4,67.1,94.6,0.2754
30,-1,208.7,255.1,54.9,118.2,0.1180
31,-1,208.1,214.4,141.2,178.3,0.3358
31,-1,272.2,236.6,72.4,96.0,0.3318
31,-1,212.1,249.0,54.6,118.4,0.1203
32,-1,211.6,204.9,136.9,180.5,0.3297
32,-1,274.7,228.8,70.6,96.0,0.2783
32,-1,189.3,174.1,187.5,248.4,0.1056
33,-1,210.1,201.9,139.5,178.5,0.3176
33,-1,275.2,223.4,73.9,96.9,0.2610
33,-1,212.1,237.1,57.7,117.6,0.1108
34,-1,277.9,215.2,73.3,95.9,0.3567
34,-1,215.4,192.9,130.0,180.7,0.2417
34,-1,213.1,230.8,56.6,117.1,0.1502
35,-1,278.3,210.6,75.6,94.8,0.3045
35,-1,215.0,190.7,130.5,178.7,0.2337
35,-1,214.5,225.9,55.2,116.2,0.1422
36,-1,281.8,206.4,73.0,95.1,0.4314
36,-1,213.2,191.1,132.7,174.9,0.2158
36,-1,214.4,221.1,56.2,122.7,0.1572
36,-1,194.4,150.0,195.1,245.9,0.1106
37,-1,283.3,200.2,73.7,97.6,0.5101
37,-1,213.5,177.3,144.8,183.6,0.1801
37,-1,193.7,140.8,200.4,259.6,0.1311
37,-1,214.8,215.9,57.5,120.7,0.1253
38,-1,283.4,196.7,75.5,96.5,0.5073
38,-1,213.9,174.4,144.0,183.0,0.1998
38,-1,192.7,131.7,206.9,273.2,0.1254
38,-1,217.8,213.4,58.2,114.4,0.1102
39,-1,285.4,191.6,75.1,98.2,0.4123
39,-1,213.0,173.4,145.5,181.2,0.1811
39,-1,191.6,133.2,212.7,273.2,0.1126
39,-1,217.8,210.5,58.5,118.0,0.1007
40,-1,285.7,188.2,77.0,100.0,0.4680
40,-1,217.6,164.5,143.0,186.9,0.1498
40,-1,217.9,205.8,58.2,115.4,0.1129
40,-1,190.6,130.2,218.9,278.9,0.1038
41,-1,285.4,186.5,79.4,101.2,0.4871
41,-1,216.1,163.5,144.9,187.3,0.1462
42,-1,285.2,184.5,80.6,101.6,0.4953
42,-1,214.7,163.8,145.6,186.6,0.1368
43,-1,284.2,182.5,81.5,101.4,0.4902
43,-1,203.3,131.0,193.8,237.0,0.1475
43,-1,213.1,163.6,144.5,186.1,0.1182
44,-1,283.4,180.8,82.0,101.7,0.4778
44,-1,202.0,131.7,193.3,235.9,0.1746
44,-1,214.0,199.9,58.1,117.9,0.1120
44,-1,211.4,164.8,143.4,184.2,0.1081
45,-1,282.6,178.5,82.8,103.5,0.5008
45,-1,199.7,125.0,198.8,243.2,0.1808
45,-1,212.5,197.9,58.4,120.3,0.1171
46,-1,280.1,175.5,86.2,106.7,0.5275
46,-1,197.0,115.8,206.3,254.2,0.1622
47,-1,278.7,174.7,87.2,108.5,0.5657
47,-1,193.7,111.0,213.0,261.1,0.1625
47,-1,213.5,201.4,55.6,122.8,0.1079
48,-1,277.2,174.4,87.9,109.5,0.5733
48,-1,192.3,111.2,214.9,261.6,0.1758
49,-1,275.7,174.4,88.3,109.6,0.5626
49,-1,190.2,113.4,215.8,260.8,0.1906
50,-1,274.2,174.2,89.0,110.2,0.5778
50,-1,188.0,116.5,216.5,259.4,0.2211
50,-1,207.0,201.7,55.7,119.7,0.1285
51,-1,273.0,173.3,89.3,110.9,0.5823
51,-1,187.0,120.5,218.2,256.5,0.2458
51,-1,205.6,201.2,56.1,118.8,0.1228
52,-1,271.5,172.2,90.2,111.9,0.5926
52,-1,184.3,123.3,223.6,254.7,0.2458
52,-1,201.9,199.9,58.9,128.4,0.1407
53,-1,270.3,169.3,90.3,114.2,0.6219
53,-1,181.7,123.7,234.9,256.3,0.2420
53,-1,200.6,199.4,58.6,129.0,0.1407
54,-1,268.6,167.0,92.4,116.6,0.6263
54,-1,179.4,126.2,240.4,254.4,0.2425
54,-1,198.1,198.7,57.7,125.1,0.2112
55,-1,266.1,165.9,94.9,118.0,0.6266
55,-1,195.0,198.4,58.3,122.5,0.2723
55,-1,177.3,125.0,249.8,257.4,0.2218
56,-1,263.8,165.1,96.9,118.9,0.6351
56,-1,192.8,197.0,58.9,125.1,0.2453
56,-1,174.8,124.1,257.7,258.6,0.2131
57,-1,261.1,161.7,99.6,121.9,0.6200
57,-1,171.0,117.0,275.1,267.0,0.1772
57,-1,190.0,196.5,60.2,123.7,0.1441
58,-1,260.3,158.8,101.1,124.3,0.6000
58,-1,187.5,191.8,63.2,139.5,0.1724
58,-1,169.0,114.9,292.1,271.7,0.1685
59,-1,259.6,155.6,102.4,126.2,0.6450
59,-1,185.8,189.6,64.4,139.3,0.2216
59,-1,167.7,114.2,303.8,274.3,0.1741
60,-1,258.3,151.7,104.2,128.3,0.6876
60,-1,184.4,188.0,63.9,124.2,0.3079
60,-1,166.2,113.4,311.1,276.8,0.1761
61,-1,258.0,149.6,105.4,130.3,0.6684
61,-1,182.6,186.7,65.0,121.8,0.4509
61,-1,164.9,110.8,318.9,281.0,0.1701
62,-1,258.1,147.7,105.8,131.5,0.6221
62,-1,181.2,185.2,65.4,121.5,0.4953
62,-1,281.4,160.4,72.3,113.0,0.2088
62,-1,163.6,106.6,327.3,289.6,0.1590
63,-1,258.1,142.6,106.8,135.3,0.5793
63,-1,180.1,182.7,66.0,122.5,0.5042
63,-1,282.0,159.2,72.3,113.0,0.2611
63,-1,162.4,105.0,332.1,295.8,0.1526
64,-1,259.4,148.1,104.2,127.2,0.5515
64,-1,178.0,180.2,67.6,126.0,0.5028
64,-1,156.9,106.3,278.0,273.8,0.1524
65,-1,259.3,144.7,106.8,129.9,0.6050
65,-1,176.7,177.7,69.3,128.4,0.4992
65,-1,155.7,103.5,284.4,277.7,0.1616
66,-1,259.6,141.5,109.7,132.8,0.6282
66,-1,175.8,174.3,70.1,130.6,0.4971
66,-1,288.4,151.8,69.3,115.4,0.1517
66,-1,155.1,83.6,294.2,300.7,0.1434
67,-1,258.7,137.2,111.4,137.1,0.6311
67,-1,174.8,172.4,70.1,131.5,0.5030
67,-1,288.3,150.2,69.7,116.7,0.1737
67,-1,154.0,78.4,300.1,309.8,0.1501
68,-1,258.1,134.0,113.0,140.6,0.6245
68,-1,174.8,172.1,68.4,121.5,0.5111
68,-1,287.2,149.2,71.6,117.7,0.1674
68,-1,153.4,77.0,304.1,314.3,0.1406
69,-1,257.0,130.4,114.2,144.1,0.6125
69,-1,170.7,169.7,71.9,130.6,0.5094
69,-1,287.2,148.1,71.3,118.2,0.1835
69,-1,148.6,85.9,294.2,298.3,0.1681
70,-1,256.7,129.1,115.6,146.1,0.5893
70,-1,168.9,168.1,72.8,131.0,0.5167
70,-1,281.8,145.9,80.8,122.7,0.4053
70,-1,146.1,83.9,300.7,301.9,0.1800
71,-1,256.1,128.0,116.1,146.5,0.5829
71,-1,166.2,166.6,74.5,133.3,0.4969
71,-1,287.9,146.7,72.0,120.0,0.2060
71,-1,144.3,79.0,302.4,309.8,0.1636
72,-1,255.4,126.9,116.7,146.7,0.5830
72,-1,162.4,164.7,77.0,135.3,0.4469
72,-1,285.7,144.3,74.6,122.7,0.1987
72,-1,140.6,78.1,304.9,313.3,0.1348
72,-1,151.8,152.6,95.2,196.6,0.1041
73,-1,254.3,126.1,117.1,146.9,0.5437
73,-1,161.5,166.1,75.6,130.3,0.4217
73,-1,285.7,143.1,74.1,124.3,0.2023
73,-1,141.5,83.7,331.8,342.9,0.1321
73,-1,148.7,152.7,95.2,194.2,0.1023
74,-1,247.3,118.9,123.8,159.6,0.5534
74,-1,155.9,161.6,80.4,140.7,0.4638
74,-1,279.8,139.9,81.0,128.3,0.3886
74,-1,139.5,83.4,335.1,345.6,0.1286
75,-1,248.9,125.4,119.3,158.6,0.5684
75,-1,151.7,159.8,81.5,142.2,0.5410
75,-1,279.1,139.1,80.6,129.5,0.3823
75,-1,134.9,83.8,348.5,368.0,0.1325
76,-1,246.4,123.1,120.8,160.9,0.5786
76,-1,147.9,159.0,81.5,144.0,0.4960
76,-1,277.8,138.5,80.6,130.3,0.3478
76,-1,130.1,78.1,357.8,381.6,0.1236
77,-1,245.4,122.7,121.2,161.5,0.5754
77,-1,137.3,154.6,92.1,156.3,0.4073
77,-1,277.3,136.9,80.3,131.7,0.3205
77,-1,123.6,58.8,368.3,407.3,0.1009
78,-1,244.0,120.9,122.1,162.9,0.5843
78,-1,139.1,155.8,86.8,149.9,0.4405
78,-1,277.9,135.9,78.9,132.4,0.2608
79,-1,236.2,112.8,127.5,172.7,0.5356
79,-1,134.4,153.5,90.2,155.7,0.4925
79,-1,262.5,131.1,94.8,136.8,0.3564
80,-1,234.2,112.3,127.7,174.6,0.5496
80,-1,123.8,148.5,99.4,164.2,0.4225
80,-1,265.4,131.5,89.1,136.5,0.3677
81,-1,231.9,111.5,127.7,173.1,0.5520
81,-1,119.7,148.2,97.0,165.5,0.4146
81,-1,264.8,131.3,87.0,136.5,0.3595
81,-1,59.2,3.6,375.5,397.9,0.1024
82,-1,229.9,112.5,126.0,171.8,0.5449
82,-1,112.8,145.7,103.1,171.2,0.4272
82,-1,263.9,129.0,84.7,139.2,0.2910
83,-1,228.0,114.4,126.5,172.4,0.4855
83,-1,108.6,146.9,102.4,169.8,0.4429
83,-1,266.2,130.8,79.7,138.1,0.2475
84,-1,219.2,109.5,132.3,178.0,0.4925
84,-1,102.5,144.9,104.3,176.6,0.3746
84,-1,251.5,125.9,96.0,145.1,0.3503
85,-1,217.4,110.3,130.4,178.4,0.5079
85,-1,97.4,147.2,104.7,176.9,0.3597
85,-1,252.5,128.2,87.9,141.1,0.3042
86,-1,215.1,112.8,130.0,176.9,0.4646
86,-1,90.5,145.1,108.2,181.4,0.2967
86,-1,254.0,128.3,83.2,141.9,0.2389
87,-1,217.6,115.2,125.1,162.2,0.4101
87,-1,84.0,146.6,107.4,180.3,0.3326
87,-1,254.8,131.0,79.7,139.8,0.2041
88,-1,205.1,110.8,133.8,182.7,0.4052
88,-1,240.9,125.9,95.3,148.1,0.3204
88,-1,76.2,144.2,113.6,185.9,0.2824
89,-1,201.5,110.6,134.8,184.8,0.3791
89,-1,68.7,145.1,113.1,183.2,0.2965
89,-1,246.7,128.5,82.9,146.6,0.2670
90,-1,198.4,109.3,136.7,187.3,0.3549
90,-1,60.0,141.2,119.3,188.2,0.2774
90,-1,248.5,129.4,78.3,146.5,0.2510
91,-1,196.0,108.3,137.7,188.5,0.3538
91,-1,54.5,140.2,122.2,188.4,0.2835
91,-1,248.0,129.4,77.5,146.7,0.2198
92,-1,195.0,107.9,138.4,190.0,0.3485
92,-1,233.8,120.4,95.6,159.0,0.3193
92,-1,48.8,136.8,123.5,193.2,0.2352
93,-1,194.5,107.0,139.3,191.7,0.3430
93,-1,234.2,119.6,95.5,160.7,0.3063
93,-1,27.9,138.6,143.2,187.7,0.2881
94,-1,191.5,114.2,147.2,178.2,0.3511
94,-1,24.7,141.9,142.1,183.3,0.3483
94,-1,235.3,120.7,95.0,161.2,0.2826
95,-1,21.5,143.3,142.8,180.7,0.3991
95,-1,191.2,114.1,148.1,178.5,0.3587
95,-1,236.2,120.8,95.7,162.2,0.2735
96,-1,18.3,145.6,144.2,184.0,0.4504
96,-1,191.0,113.5,148.8,178.9,0.3705
96,-1,236.3,120.0,96.8,163.7,0.2647
97,-1,18.0,145.5,144.3,182.2,0.4865
97,-1,193.1,114.3,149.4,179.5,0.3803
97,-1,252.3,129.8,78.5,155.2,0.2552
97,-1,0.0,116.7,176.3,253.6,0.1062
98,-1,17.5,144.9,145.7,182.4,0.5112
98,-1,196.8,114.2,148.7,181.3,0.4073
98,-1,253.7,129.4,81.8,157.3,0.2529
99,-1,17.0,143.3,148.4,184.0,0.5286
99,-1,204.0,114.0,145.8,182.4,0.3788
99,-1,253.8,127.2,87.2,161.0,0.2609
100,-1,16.7,143.5,150.4,185.3,0.5340
100,-1,207.2,113.4,148.0,185.3,0.3554
100,-1,263.2,132.1,79.0,157.7,0.3429
101,-1,16.6,142.2,152.6,187.0,0.5338
101,-1,210.7,111.3,149.5,188.0,0.3651
101,-1,265.2,131.4,85.6,160.9,0.2205
102,-1,17.1,141.0,155.0,188.7,0.5276
102,-1,209.4,111.9,155.4,189.2,0.3671
102,-1,274.5,133.7,77.4,158.3,0.2330
103,-1,18.6,143.5,156.4,189.5,0.5288
103,-1,212.2,111.6,155.4,189.6,0.4159
103,-1,275.4,132.0,81.5,161.8,0.2594
104,-1,20.0,143.0,159.0,193.0,0.5332
104,-1,216.5,110.7,158.3,192.9,0.3903
104,-1,286.1,134.3,76.5,161.8,0.1937
105,-1,24.9,140.8,157.5,200.5,0.5476
105,-1,223.0,108.7,158.2,195.9,0.3499
105,-1,286.9,131.8,81.6,167.9,0.1907
106,-1,26.3,141.9,157.4,199.2,0.5695
106,-1,229.9,105.9,159.4,203.7,0.3448
106,-1,292.0,134.0,82.5,168.2,0.1554
107,-1,28.7,142.5,157.1,198.6,0.5841
107,-1,233.8,108.7,160.6,203.4,0.3232
107,-1,299.4,136.9,80.6,168.6,0.1712
108,-1,29.4,143.5,159.4,200.4,0.5799
108,-1,236.9,108.7,164.5,208.3,0.3614
108,-1,301.3,135.6,86.7,172.5,0.1047
109,-1,30.0,144.2,161.5,205.2,0.5699
109,-1,240.6,106.6,167.5,211.0,0.3462
109,-1,310.5,137.5,81.6,172.4,0.1441
110,-1,30.7,143.8,164.0,207.3,0.5646
110,-1,244.5,104.1,170.9,214.9,0.3089
110,-1,327.1,143.9,67.2,95.7,0.1205
111,-1,30.8,143.8,166.8,211.0,0.5658
111,-1,246.7,101.2,174.9,216.5,0.2739
111,-1,335.0,141.6,64.6,97.4,0.1538
112,-1,29.2,147.3,171.8,207.8,0.5706
112,-1,249.4,101.1,176.2,230.1,0.2580
112,-1,336.0,143.5,69.8,99.4,0.1077
113,-1,30.2,143.6,170.8,213.5,0.5664
113,-1,253.2,99.3,184.9,240.7,0.1999
113,-1,342.7,144.4,66.7,102.2,0.1149
114,-1,27.6,147.7,176.0,212.9,0.5726
114,-1,266.3,106.9,172.4,219.6,0.2668
114,-1,348.3,149.5,70.3,100.1,0.1670
114,-1,233.6,41.2,218.4,332.7,0.1277
114,-1,309.0,118.7,123.5,177.9,0.1137
115,-1,26.9,148.8,177.7,217.3,0.5712
115,-1,266.6,105.8,181.9,235.5,0.2640
115,-1,351.2,152.1,74.9,99.0,0.1477
116,-1,25.7,149.4,179.8,221.5,0.5822
116,-1,267.3,104.8,190.8,248.1,0.2838
116,-1,356.0,153.8,76.7,103.5,0.1219
117,-1,25.2,150.8,181.1,226.4,0.5879
117,-1,269.8,102.6,200.5,250.4,0.2836
117,-1,360.4,158.0,79.7,97.9,0.2134
118,-1,24.4,149.8,182.6,226.5,0.5907
118,-1,271.4,101.5,210.0,265.6,0.2655
119,-1,23.9,151.2,184.0,230.3,0.5834
119,-1,270.8,99.5,214.2,267.5,0.2997
119,-1,373.6,163.7,82.6,97.6,0.1699
120,-1,22.2,151.5,186.7,234.2,0.5693
120,-1,263.1,99.8,228.5,289.0,0.2893
120,-1,376.5,166.0,83.8,99.0,0.1948
121,-1,20.7,151.1,189.7,235.2,0.5590
121,-1,290.4,111.6,210.0,251.5,0.2794
121,-1,248.6,84.7,257.2,348.0,0.1727
121,-1,379.3,168.4,92.9,103.0,0.1622
122,-1,19.3,150.4,192.0,237.4,0.5544
122,-1,291.5,109.3,212.3,263.1,0.3064
122,-1,388.9,172.1,87.7,99.7,0.2375
122,-1,248.7,78.3,259.1,367.2,0.1980
122,-1,379.6,164.7,101.9,151.4,0.1303
123,-1,18.2,149.7,194.6,239.0,0.5437
123,-1,291.1,106.3,213.9,272.8,0.3497
123,-1,399.6,175.0,80.0,95.3,0.2321
123,-1,248.8,70.9,260.5,381.3,0.2155
123,-1,434.5,194.4,43.8,44.2,0.2081
123,-1,383.5,165.0,103.1,126.2,0.1524
124,-1,16.9,149.2,197.6,242.5,0.5367
124,-1,439.3,196.7,46.7,44.1,0.3658
124,-1,292.7,103.3,214.2,276.4,0.3639
124,-1,399.0,173.3,89.0,101.7,0.2448
124,-1,248.8,63.1,262.0,393.5,0.2153
125,-1,7.7,147.1,209.3,250.0,0.5446
125,-1,304.4,103.4,207.6,272.9,0.4338
125,-1,444.3,197.6,47.6,44.6,0.3516
125,-1,405.0,173.5,90.7,103.9,0.2632
125,-1,250.5,53.9,261.1,404.3,0.2242
126,-1,7.5,147.3,210.9,249.1,0.5594
126,-1,301.1,102.2,210.9,284.9,0.4513
126,-1,447.9,199.2,49.8,42.0,0.4000
126,-1,405.9,171.7,101.8,105.4,0.2991
126,-1,251.3,49.4,260.3,412.7,0.2047
127,-1,6.0,146.6,212.6,248.6,0.5786
127,-1,298.0,101.7,214.0,292.0,0.3948
127,-1,451.5,202.1,49.9,41.7,0.3939
127,-1,409.6,175.4,102.3,104.3,0.3646
127,-1,251.5,47.5,259.7,419.8,0.1519
128,-1,4.4,146.1,214.3,247.4,0.5978
128,-1,455.9,203.8,45.0,42.3,0.4241
128,-1,410.5,178.7,101.5,103.9,0.3752
128,-1,299.5,101.5,212.5,295.2,0.2362
128,-1,251.7,49.3,259.5,421.8,0.1205
129,-1,1.0,146.7,218.8,249.5,0.6126
129,-1,455.9,202.7,48.5,42.7,0.4698
129,-1,411.8,175.8,100.2,105.7,0.3866
129,-1,300.7,101.0,211.3,291.2,0.2173
129,-1,251.9,47.8,259.5,426.9,0.1039
130,-1,0.0,147.2,220.4,251.9,0.6155
130,-1,456.4,201.2,49.8,42.4,0.4648
130,-1,410.1,172.1,101.9,109.4,0.4128
130,-1,299.2,99.3,212.8,292.7,0.2419
130,-1,251.9,44.6,259.6,430.0,0.1019
131,-1,0.0,147.1,219.5,255.5,0.5950
131,-1,457.1,200.9,50.1,42.6,0.4460
131,-1,407.9,171.0,104.1,111.0,0.3792
131,-1,298.3,98.0,213.7,295.6,0.2329
131,-1,251.9,41.8,259.7,431.4,0.1002
132,-1,0.0,146.5,219.0,258.4,0.5985
132,-1,459.2,199.5,50.7,43.9,0.4484
132,-1,408.1,167.3,103.9,114.7,0.3939
132,-1,297.7,95.8,214.3,299.0,0.1973
132,-1,252.0,38.5,259.7,433.0,0.1056
133,-1,0.0,140.8,216.9,260.3,0.6140
133,-1,460.5,201.1,50.5,42.9,0.4461
133,-1,409.5,167.8,102.5,115.2,0.3544
133,-1,298.4,93.5,213.6,304.8,0.1543
133,-1,251.2,34.5,260.8,436.8,0.1031
134,-1,0.0,130.4,215.7,272.7,0.6190
134,-1,461.0,200.5,50.1,43.0,0.4229
134,-1,411.0,166.9,101.0,116.3,0.3970
134,-1,300.2,87.2,211.8,312.1,0.1274
135,-1,0.0,124.9,216.7,278.2,0.6002
135,-1,464.0,199.4,47.4,41.3,0.4102
135,-1,414.7,165.6,97.3,117.9,0.3599
135,-1,303.7,76.1,208.3,323.6,0.1476
136,-1,0.0,122.2,217.6,280.9,0.5737
136,-1,465.5,193.8,46.0,46.3,0.3661
136,-1,416.7,162.7,95.3,121.0,0.3470
136,-1,307.3,68.7,204.7,330.8,0.1573
137,-1,0.0,117.1,219.0,286.9,0.4784
137,-1,421.0,158.2,91.0,117.0,0.4246
137,-1,468.0,188.5,44.0,47.2,0.3080
137,-1,312.3,61.9,199.7,338.3,0.1128
138,-1,0.0,101.4,221.3,306.8,0.3628
138,-1,470.6,185.1,41.4,47.3,0.3218
138,-1,424.5,154.2,87.5,120.3,0.2883
138,-1,449.5,163.5,61.8,101.9,0.1110
139,-1,0.0,60.6,224.2,346.4,0.3444
139,-1,430.5,153.8,81.5,118.1,0.3294
139,-1,259.8,30.1,252.2,433.6,0.1084
140,-1,0.0,47.1,225.7,363.2,0.3218
140,-1,431.9,150.0,80.1,121.2,0.3081
140,-1,371.5,107.0,140.4,191.5,0.1361
140,-1,455.7,160.2,56.2,99.3,0.1235
140,-1,280.1,38.7,231.9,370.6,0.1164
141,-1,449.2,153.8,62.3,105.2,0.3101
141,-1,0.0,29.2,227.8,386.5,0.2762
141,-1,375.9,105.3,136.1,188.1,0.1508
141,-1,427.1,136.4,84.9,137.2,0.1428
141,-1,280.5,37.0,231.5,373.3,0.1274
142,-1,439.9,142.7,71.8,117.0,0.3986
142,-1,0.0,26.0,231.1,386.3,0.2525
142,-1,378.7,104.1,133.3,180.9,0.1641
142,-1,281.5,36.1,230.5,373.5,0.1313
143,-1,452.2,153.2,59.2,104.8,0.3641
143,-1,0.0,22.0,232.8,384.6,0.2796
143,-1,381.0,101.6,130.9,187.4,0.1616
143,-1,280.8,33.8,231.2,377.0,0.1498
144,-1,452.3,154.2,59.7,104.1,0.4061
144,-1,0.0,19.6,233.7,388.1,0.2764
144,-1,386.8,98.7,125.1,190.6,0.1481
144,-1,260.8,12.7,251.2,374.5,0.1466
145,-1,449.7,146.3,62.3,116.2,0.4213
145,-1,1.0,11.5,233.4,375.4,0.2623
145,-1,260.9,12.6,251.1,371.4,0.1603
145,-1,389.2,99.4,122.7,187.4,0.1475
146,-1,447.8,142.3,64.2,118.5,0.4018
146,-1,0.2,2.9,234.4,353.7,0.2707
146,-1,258.3,11.6,253.7,371.4,0.1577
146,-1,388.9,98.4,123.1,184.4,0.1506
147,-1,447.8,142.9,64.2,112.7,0.3690
147,-1,0.0,3.3,228.4,349.4,0.2412
147,-1,386.9,96.9,125.1,181.6,0.1569
147,-1,255.2,11.9,256.8,371.4,0.1524
148,-1,448.9,143.6,62.6,109.0,0.4131
148,-1,0.0,15.4,210.7,388.6,0.2200
148,-1,383.7,97.7,128.3,175.1,0.1784
148,-1,252.0,12.5,260.0,372.2,0.1280
149,-1,436.3,129.3,75.4,124.6,0.4389
149,-1,0.0,31.2,201.8,368.4,0.2130
149,-1,379.3,98.0,132.7,175.4,0.1436
150,-1,423.2,121.0,88.8,135.8,0.5852
150,-1,363.6,83.8,148.4,220.8,0.1956
150,-1,0.0,42.7,185.6,351.8,0.1701
151,-1,403.5,109.7,108.5,142.9,0.5364
151,-1,426.5,141.1,85.0,101.3,0.2772
151,-1,0.0,61.9,166.0,327.7,0.1588
151,-1,360.4,84.3,151.6,202.8,0.1309
152,-1,433.8,157.8,51.9,45.9,0.3973
152,-1,0.0,83.0,149.6,309.4,0.1902
152,-1,403.2,122.4,106.0,124.6,0.1346
153,-1,412.5,157.9,53.6,48.0,0.3736
154,-1,389.3,159.5,55.2,48.3,0.3320
154,-1,365.0,121.5,117.6,124.1,0.1809
155,-1,369.4,164.7,53.7,48.0,0.3673
155,-1,343.9,127.5,115.3,125.0,0.2427
156,-1,345.8,166.9,53.7,47.9,0.3029
156,-1,322.1,130.1,111.6,125.0,0.2558
157,-1,322.8,171.3,55.3,48.9,0.2802
157,-1,301.0,134.3,109.1,123.1,0.1148
158,-1,304.1,176.7,49.6,46.6,0.3339
158,-1,282.3,139.2,107.9,122.5,0.2239
158,-1,199.3,52.8,312.7,320.5,0.1781
159,-1,259.9,143.6,108.6,126.1,0.2182
159,-1,175.1,57.0,336.9,337.3,0.1935
159,-1,275.7,177.8,64.3,56.1,0.1467
160,-1,154.3,83.8,357.7,312.8,0.3015
160,-1,234.1,86.1,271.3,216.9,0.2649
160,-1,260.7,184.0,54.4,49.1,0.1867
160,-1,241.8,146.9,107.8,129.4,0.1669
161,-1,172.4,92.3,326.5,243.9,0.2355
161,-1,240.1,185.6,58.2,51.8,0.1652
161,-1,221.0,149.2,110.9,127.9,0.1442
162,-1,227.7,190.5,50.6,47.9,0.2458
162,-1,207.0,153.2,107.8,124.1,0.2412
162,-1,136.7,93.3,348.6,271.8,0.2199
162,-1,213.6,90.8,259.6,217.3,0.1084
163,-1,214.9,194.0,51.8,47.4,0.2696
163,-1,192.5,155.4,110.2,127.6,0.2582
163,-1,150.4,96.3,319.3,248.6,0.2194
164,-1,203.2,197.2,53.8,48.7,0.2472
164,-1,167.7,99.1,289.7,231.5,0.2145
164,-1,95.1,92.7,397.1,336.4,0.1341
164,-1,180.8,158.0,113.3,126.0,0.1237
165,-1,195.8,200.7,53.4,47.1,0.2929
165,-1,113.2,97.8,344.1,273.5,0.2408
165,-1,173.2,158.8,112.0,125.7,0.1925
166,-1,189.6,204.0,53.1,49.7,0.3119
166,-1,165.0,163.4,115.8,131.0,0.2693
166,-1,127.9,100.6,322.6,254.6,0.2607
167,-1,183.7,209.2,54.5,49.3,0.2952
167,-1,159.1,167.4,117.2,130.9,0.2551
167,-1,135.2,101.6,312.8,258.9,0.2413
168,-1,182.4,213.5,53.4,48.6,0.2464
168,-1,139.7,102.4,306.4,260.3,0.2213
168,-1,158.4,170.8,112.6,124.3,0.1444
169,-1,181.1,218.1,51.8,48.3,0.3222
169,-1,138.4,103.2,309.5,260.9,0.2257
169,-1,156.7,174.9,113.9,129.7,0.2006
170,-1,179.7,223.3,53.4,48.7,0.3243
170,-1,138.7,104.2,311.7,262.9,0.1873
171,-1,181.3,227.5,52.5,49.6,0.3353
171,-1,139.6,104.6,317.6,256.7,0.1858
171,-1,157.8,182.8,112.9,126.5,0.1466
172,-1,181.9,231.8,54.3,50.7,0.3013
172,-1,156.8,186.1,116.5,134.5,0.2487
172,-1,164.3,110.3,297.0,243.1,0.1721
173,-1,183.1,235.5,54.1,49.0,0.2632
173,-1,160.2,116.1,309.2,245.7,0.2192
173,-1,157.1,191.3,118.2,131.6,0.1589
174,-1,183.8,240.2,54.5,50.5,0.3138
174,-1,160.0,193.7,118.1,133.3,0.2456
174,-1,152.9,116.3,324.4,259.8,0.2213
175,-1,186.1,244.3,52.9,49.7,0.3968
175,-1,202.2,119.1,282.9,244.5,0.2866
175,-1,161.3,197.2,119.8,140.1,0.2718
176,-1,191.7,118.5,304.1,263.6,0.3308
176,-1,189.0,248.9,53.5,48.6,0.3306
176,-1,124.5,111.1,387.5,334.6,0.1112
177,-1,189.3,117.1,313.1,269.8,0.3286
177,-1,190.4,253.1,54.3,50.4,0.3158
178,-1,191.0,256.1,53.8,50.3,0.4327
178,-1,185.1,113.3,323.4,293.9,0.2944
178,-1,166.6,206.9,119.3,136.4,0.1550
179,-1,192.7,260.8,53.1,49.2,0.3727
179,-1,219.6,110.1,292.4,292.0,0.3706
179,-1,166.5,210.9,122.8,139.3,0.1232
180,-1,216.7,105.8,295.3,308.4,0.3345
180,-1,191.6,263.1,55.8,51.5,0.3243
181,-1,191.9,267.0,52.3,50.4,0.3789
181,-1,213.1,98.1,298.9,322.0,0.2421
182,-1,190.1,268.4,54.7,51.9,0.3997
182,-1,199.5,79.4,312.5,359.3,0.1377
182,-1,165.8,218.7,122.0,139.9,0.1351
183,-1,189.3,270.0,55.0,51.9,0.3213
183,-1,158.5,219.7,134.1,152.8,0.1785
184,-1,186.4,274.2,53.6,51.5,0.2812
184,-1,154.9,219.7,136.6,154.8,0.2409
184,-1,168.6,10.0,343.4,350.1,0.1034
185,-1,183.8,273.8,52.9,52.4,0.3451
185,-1,153.4,219.2,135.1,151.5,0.2425
185,-1,168.7,10.6,343.3,349.8,0.1406
186,-1,178.7,273.7,56.1,53.0,0.3487
186,-1,150.0,219.2,134.5,143.4,0.1623
186,-1,173.6,10.7,335.3,347.9,0.1384
187,-1,176.2,273.9,55.2,54.1,0.3266
187,-1,179.4,10.5,329.1,346.4,0.1356
188,-1,170.7,274.0,56.4,54.3,0.3587
188,-1,139.5,219.2,141.2,152.6,0.1682
188,-1,179.4,6.5,332.6,309.8,0.1157
189,-1,165.5,274.2,58.5,54.5,0.2435
189,-1,134.8,218.0,140.6,145.9,0.1451
190,-1,160.0,274.5,59.3,54.2,0.2414
191,-1,155.6,274.7,57.0,53.7,0.2510
191,-1,123.1,217.2,145.2,151.0,0.1235
192,-1,149.1,277.3,58.6,51.0,0.2172
193,-1,143.3,274.1,58.2,53.0,0.1347
194,-1,136.9,265.8,62.4,66.5,0.3743
195,-1,130.1,266.0,64.3,69.0,0.2323
195,-1,131.4,282.7,56.1,44.1,0.1181
196,-1,124.1,264.7,63.2,67.5,0.4846
196,-1,126.0,285.4,56.0,41.4,0.1800
197,-1,118.4,263.3,66.5,67.3,0.3342
198,-1,110.7,262.4,64.6,68.3,0.5152
198,-1,113.9,285.9,54.8,39.1,0.1190
198,-1,56.6,196.3,174.8,184.6,0.1035
199,-1,104.3,260.5,67.8,70.5,0.4260
199,-1,105.5,279.7,58.8,45.6,0.1610
199,-1,44.8,197.3,179.8,180.9,0.1521
200,-1,97.5,262.3,66.4,70.6,0.5392
200,-1,39.3,196.5,180.5,180.4,0.3453
200,-1,101.0,286.6,56.2,40.7,0.3033
201,-1,91.6,261.8,68.6,72.2,0.5054
201,-1,34.3,194.6,177.4,180.7,0.3757
201,-1,93.9,287.4,56.5,41.4,0.3099
202,-1,83.3,261.9,68.4,72.7,0.5440
202,-1,87.5,287.4,56.9,41.6,0.4812
202,-1,16.6,191.9,190.4,187.7,0.4060
203,-1,79.2,288.1,58.0,41.8,0.5180
203,-1,74.6,261.4,72.8,74.7,0.4957
203,-1,12.8,190.4,188.7,189.3,0.4621
204,-1,68.9,263.7,70.5,73.6,0.6141
204,-1,9.5,189.6,189.3,191.4,0.4806
204,-1,71.8,288.2,59.5,43.7,0.4257
205,-1,68.2,294.7,58.3,42.4,0.5318
205,-1,65.3,265.7,72.2,80.4,0.5065
205,-1,5.7,193.3,190.1,188.6,0.2829
206,-1,59.9,265.3,76.2,79.5,0.5385
206,-1,67.1,294.8,58.3,43.2,0.5280
206,-1,3.6,190.6,191.2,195.5,0.2526
207,-1,62.5,267.2,74.3,79.0,0.5775
207,-1,67.8,296.6,58.5,43.4,0.5319
207,-1,1.3,189.9,194.8,219.5,0.2237
208,-1,65.8,268.9,72.8,78.1,0.5101
208,-1,70.3,298.8,56.7,43.2,0.4809
208,-1,1.6,189.5,196.7,220.4,0.2747
209,-1,68.7,270.8,74.1,78.6,0.5204
209,-1,75.4,295.7,57.1,47.9,0.4735
209,-1,3.7,190.2,196.8,221.3,0.3517
210,-1,76.3,269.4,74.3,79.2,0.5447
210,-1,82.4,294.1,57.3,49.2,0.5050
210,-1,6.1,186.7,198.1,222.9,0.3501
211,-1,92.1,297.1,56.3,46.0,0.5535
211,-1,82.7,268.0,77.1,82.2,0.4689
211,-1,9.2,183.6,203.5,228.0,0.3066
212,-1,91.3,264.9,79.9,84.9,0.6766
212,-1,99.9,293.7,60.1,48.2,0.5575
212,-1,20.9,180.3,208.0,219.1,0.3188
213,-1,103.0,263.1,75.9,83.4,0.7472
213,-1,109.5,291.6,61.4,47.4,0.5724
213,-1,24.9,177.5,213.1,219.7,0.4204
214,-1,113.4,259.3,76.7,81.8,0.7118
214,-1,120.6,287.5,60.0,48.5,0.5364
214,-1,32.9,173.6,215.7,229.2,0.3611
215,-1,128.0,256.4,74.0,81.9,0.6296
215,-1,133.1,285.2,61.2,48.0,0.6067
215,-1,45.9,170.2,213.8,232.5,0.3496
216,-1,137.9,252.5,77.9,84.8,0.6283
216,-1,146.9,281.7,59.4,49.0,0.6159
216,-1,57.5,168.6,215.2,235.4,0.3508
217,-1,151.4,249.0,76.6,86.3,0.7772
217,-1,159.0,277.9,61.8,50.1,0.6051
217,-1,69.4,157.9,217.7,252.1,0.3069
218,-1,166.0,245.4,74.9,83.9,0.6204
218,-1,174.9,274.8,57.4,48.4,0.5909
218,-1,80.7,155.1,217.8,252.9,0.2653
219,-1,177.1,239.7,78.0,87.7,0.6033
219,-1,187.7,267.6,60.1,52.4,0.5851
219,-1,95.1,153.5,213.3,244.1,0.1964
220,-1,188.2,235.0,80.0,88.7,0.7079
220,-1,201.7,261.3,60.6,54.8,0.5780
220,-1,105.8,144.9,221.3,241.1,0.3421
221,-1,214.4,254.9,61.3,54.5,0.5905
221,-1,204.6,228.8,78.2,88.7,0.5541
221,-1,118.4,132.8,225.9,258.0,0.2309
222,-1,213.9,222.9,84.0,91.2,0.6840
222,-1,228.2,254.6,60.8,50.5,0.5776
222,-1,131.1,129.1,227.3,268.2,0.2804
223,-1,239.0,247.4,62.1,55.5,0.5680
223,-1,227.9,220.6,81.0,90.2,0.5064
223,-1,143.1,126.3,232.5,271.2,0.1683
224,-1,248.5,247.4,60.7,52.2,0.6554
224,-1,237.1,215.6,82.3,93.7,0.3775
225,-1,255.2,239.4,64.0,56.5,0.6372
225,-1,239.0,209.8,93.1,95.7,0.4129
226,-1,262.6,239.7,66.9,56.5,0.6026
226,-1,251.9,214.4,83.4,87.3,0.3569
227,-1,267.2,236.1,66.1,58.4,0.6633
227,-1,249.3,201.7,97.1,104.1,0.2397
228,-1,272.0,234.3,65.4,58.7,0.6466
228,-1,250.5,198.9,105.0,109.4,0.2871
228,-1,300.7,96.7,54.5,43.8,0.2840
228,-1,222.8,90.8,132.4,58.1,0.2387
229,-1,272.8,233.7,67.8,60.4,0.6303
229,-1,304.2,90.7,54.4,43.3,0.4631
229,-1,250.4,198.1,109.0,112.2,0.2500
229,-1,226.6,85.7,133.3,62.5,0.1736
230,-1,274.0,235.2,68.1,61.2,0.6662
230,-1,306.8,87.1,54.7,44.0,0.5443
230,-1,225.7,80.8,140.8,60.9,0.2683
230,-1,257.7,199.8,101.7,107.5,0.1859
231,-1,275.1,236.9,67.9,59.6,0.6720
231,-1,311.7,82.0,51.6,47.6,0.5393
231,-1,232.7,77.4,134.6,62.0,0.3752
231,-1,253.5,200.1,107.8,124.0,0.1519
232,-1,273.7,239.2,69.4,59.5,0.6854
232,-1,308.1,78.1,57.9,50.6,0.4940
232,-1,251.1,200.4,111.7,126.6,0.1964
232,-1,235.3,73.9,135.5,65.0,0.1785
232,-1,264.0,226.6,90.2,81.9,0.1568
233,-1,310.9,75.5,53.0,50.2,0.6802
233,-1,272.4,239.6,71.1,63.0,0.6680
233,-1,256.7,202.8,105.0,112.0,0.2729
233,-1,233.7,69.7,135.9,70.0,0.2704
234,-1,271.1,240.8,71.3,62.8,0.6570
234,-1,304.8,69.5,60.8,56.9,0.6147
234,-1,233.2,65.8,134.7,73.6,0.4003
234,-1,252.6,200.8,111.2,118.3,0.3387
235,-1,268.4,240.5,72.5,66.8,0.6188
235,-1,300.3,66.1,62.4,60.8,0.5898
235,-1,249.7,200.6,116.4,121.1,0.2696
235,-1,230.7,63.1,140.8,82.4,0.1388
236,-1,267.4,245.9,72.6,63.6,0.6837
236,-1,300.9,63.4,59.2,60.2,0.6640
236,-1,229.9,59.3,141.1,74.7,0.1573
236,-1,245.7,200.9,120.3,126.1,0.1470
237,-1,266.1,247.7,71.2,67.6,0.6837
237,-1,302.4,63.1,60.1,62.9,0.6305
237,-1,227.1,54.0,154.6,96.9,0.2307
237,-1,246.3,217.2,113.2,121.6,0.1386
238,-1,262.7,251.9,71.5,66.2,0.6360
238,-1,299.4,62.3,61.7,64.2,0.5550
238,-1,226.4,51.9,158.7,99.4,0.1747
238,-1,243.7,218.6,118.0,120.8,0.1223
239,-1,260.3,255.5,72.9,66.7,0.6638
239,-1,293.6,55.8,66.0,73.0,0.5844
239,-1,238.4,214.7,125.1,128.1,0.1760
240,-1,258.3,257.6,73.2,70.1,0.6145
240,-1,293.3,51.8,66.9,77.8,0.5652
240,-1,236.0,214.8,130.3,132.4,0.1293
241,-1,256.5,261.8,73.6,69.3,0.6661
241,-1,292.8,48.6,68.3,82.7,0.6038
241,-1,233.7,226.6,127.1,125.5,0.1142
242,-1,252.0,263.9,84.0,77.9,0.6901
242,-1,293.1,46.2,70.1,86.7,0.6451
243,-1,291.4,44.6,71.9,89.1,0.6864
243,-1,254.3,270.2,72.5,72.2,0.6331
243,-1,257.1,38.2,120.8,110.7,0.1002
244,-1,248.6,271.3,83.4,82.6,0.6999
244,-1,290.1,43.1,73.5,92.0,0.6908
244,-1,210.9,212.6,162.9,179.4,0.1252
244,-1,258.7,36.4,119.5,113.9,0.1001
245,-1,284.2,40.8,76.3,93.3,0.7581
245,-1,246.2,275.1,85.9,84.6,0.6706
245,-1,208.1,215.9,165.9,184.3,0.1232
246,-1,282.3,39.5,76.6,94.2,0.7933
246,-1,245.5,277.8,85.4,86.4,0.5475
246,-1,205.8,220.6,168.3,188.0,0.1349
247,-1,278.8,38.0,79.5,95.4,0.7877
247,-1,243.5,281.8,86.4,86.6,0.6439
247,-1,239.8,25.7,131.3,126.6,0.1417
247,-1,194.8,223.2,177.1,191.5,0.1319
248,-1,276.3,36.1,80.2,97.0,0.7300
248,-1,243.5,288.6,86.5,87.6,0.6172
248,-1,189.7,223.1,183.8,196.8,0.1425
249,-1,276.3,35.8,81.0,98.1,0.7039
249,-1,242.0,291.5,85.8,87.8,0.5720
250,-1,273.5,32.8,86.6,101.0,0.6745
250,-1,238.5,298.5,87.0,85.9,0.4402
251,-1,272.6,31.0,87.3,103.2,0.6707
251,-1,236.4,302.7,85.1,90.0,0.3184
251,-1,183.9,234.0,189.0,202.9,0.1047
252,-1,273.9,29.4,89.5,109.4,0.6603
252,-1,226.9,310.2,92.2,89.0,0.4557
252,-1,178.2,234.3,191.9,208.8,0.1216
253,-1,273.1,29.3,89.5,111.4,0.6648
253,-1,224.9,317.4,90.7,87.2,0.4596
253,-1,234.9,5.7,155.3,160.5,0.1077
253,-1,166.8,234.9,203.9,219.6,0.1018
254,-1,271.3,28.6,89.1,112.4,0.6266
254,-1,219.7,322.6,95.0,94.8,0.3480
254,-1,158.3,239.8,214.2,221.9,0.1667
255,-1,261.8,25.9,100.7,116.7,0.5818
255,-1,216.8,330.3,93.1,93.6,0.4164
256,-1,260.2,26.5,99.0,119.8,0.5635
256,-1,210.0,337.1,95.9,98.0,0.4188
256,-1,220.1,396.6,48.9,34.4,0.3246
257,-1,259.9,29.8,97.3,121.1,0.4596
257,-1,213.5,407.3,49.2,35.4,0.3435
257,-1,203.5,346.3,99.7,102.3,0.3410
257,-1,135.3,253.4,239.7,245.5,0.1639
257,-1,279.1,40.1,65.2,100.0,0.1175
258,-1,206.8,419.1,49.6,37.3,0.5637
258,-1,249.5,26.8,108.7,129.2,0.4146
258,-1,195.6,360.4,96.5,100.9,0.2296
258,-1,139.2,270.6,217.7,234.0,0.1882
258,-1,202.6,5.8,182.9,178.2,0.1158
259,-1,197.4,431.7,52.7,41.8,0.6061
259,-1,187.2,374.6,100.0,102.2,0.2796
259,-1,248.1,34.9,104.5,128.3,0.2718
259,-1,127.6,278.3,236.1,229.6,0.1454
260,-1,192.7,448.4,54.4,41.0,0.6428
260,-1,244.9,40.3,108.0,130.5,0.3685
260,-1,176.1,386.6,114.5,116.2,0.2553
260,-1,279.9,59.2,52.3,74.8,0.1355
260,-1,130.3,336.3,214.1,171.8,0.1141
260,-1,225.6,392.2,60.9,92.8,0.1093
260,-1,160.2,1.3,244.7,214.7,0.1028
261,-1,187.4,465.3,56.4,44.1,0.6527
261,-1,178.5,406.0,96.0,106.0,0.2426
261,-1,282.2,67.3,51.1,73.9,0.2417
261,-1,242.6,45.5,110.7,133.1,0.2365
261,-1,125.0,379.1,203.4,131.1,0.2131
261,-1,162.0,2.9,243.2,224.3,0.1241
261,-1,117.3,313.5,240.1,198.4,0.1204
261,-1,179.2,441.9,77.9,69.9,0.1099
262,-1,242.9,60.8,108.1,128.0,0.2787
262,-1,134.1,407.2,172.1,104.8,0.2635
262,-1,279.2,76.0,54.3,74.8,0.2181
262,-1,171.7,439.3,103.3,72.6,0.1876
262,-1,183.4,482.3,58.8,29.2,0.1834
262,-1,160.7,3.2,241.6,234.7,0.1517
262,-1,108.0,322.2,256.8,188.6,0.1347
263,-1,165.7,429.7,137.2,81.9,0.4589
263,-1,273.9,82.7,59.3,79.8,0.2698
263,-1,235.3,61.3,120.5,136.6,0.2579
263,-1,92.1,327.4,288.3,184.1,0.2318
263,-1,159.5,4.1,244.6,245.8,0.1720
263,-1,112.4,406.8,218.6,104.4,0.1016
264,-1,171.5,447.7,141.7,63.5,0.4858
264,-1,231.6,68.6,124.3,141.0,0.3252
264,-1,276.0,96.3,52.4,74.5,0.2933
264,-1,105.5,364.6,240.8,146.2,0.2044
264,-1,160.6,6.5,231.0,251.6,0.1066
264,-1,120.1,428.7,201.5,83.1,0.1017
265,-1,160.3,464.8,148.2,47.0,0.4546
265,-1,104.2,365.2,244.8,146.7,0.3508
265,-1,229.4,78.7,128.8,142.8,0.2922
265,-1,278.9,110.0,53.5,72.3,0.2863
265,-1,160.3,7.0,233.5,260.2,0.1046
265,-1,123.6,430.2,203.0,81.8,0.1012
266,-1,107.4,384.6,252.5,127.4,0.5083
266,-1,227.6,89.5,131.8,141.4,0.2011
266,-1,271.5,115.9,63.1,88.4,0.1632
266,-1,195.1,486.0,113.0,25.9,0.1140
267,-1,102.2,400.0,287.2,112.0,0.3256
267,-1,61.1,337.6,358.6,174.4,0.1408
267,-1,271.1,125.7,63.0,87.8,0.1299
267,-1,225.3,103.8,134.9,137.3,0.1237
268,-1,97.4,413.0,337.5,99.0,0.1939
268,-1,232.2,115.4,125.7,136.4,0.1053
269,-1,272.1,146.4,67.4,91.8,0.1757
269,-1,227.6,118.1,133.2,144.3,0.1425
269,-1,171.8,391.4,340.2,120.6,0.1115
270,-1,184.7,414.4,327.3,97.6,0.2719
270,-1,277.8,156.5,62.8,83.7,0.2326
271,-1,275.0,162.0,66.2,87.1,0.2946
271,-1,25.0,431.9,403.1,80.1,0.2395
271,-1,180.2,433.8,331.8,78.2,0.1478
272,-1,278.8,170.0,62.0,88.9,0.2564
272,-1,206.2,446.6,305.8,65.4,0.1121
273,-1,280.1,175.8,62.1,88.3,0.3449
274,-1,281.6,181.6,60.6,93.7,0.3320
275,-1,284.1,188.3,62.7,93.5,0.3806
276,-1,298.0,193.4,53.4,95.7,0.4405
277,-1,298.0,198.4,55.7,95.1,0.5380
278,-1,289.5,203.3,66.7,98.9,0.5251
279,-1,288.4,206.9,69.6,97.2,0.5236
280,-1,289.4,206.9,69.6,100.5,0.4493
281,-1,290.1,206.7,74.3,104.9,0.4303
281,-1,273.7,188.8,100.0,131.6,0.1186
282,-1,287.6,200.7,82.7,115.1,0.5241
283,-1,287.8,199.9,85.4,117.9,0.5754
284,-1,288.1,198.3,92.0,122.2,0.5574
285,-1,286.4,192.1,98.0,131.8,0.5188
286,-1,282.7,181.3,106.9,145.9,0.5310
287,-1,282.9,183.1,109.9,148.4,0.4836
287,-1,248.5,173.3,155.5,176.8,0.1607
288,-1,259.4,172.5,146.9,174.7,0.3444
289,-1,256.8,169.0,152.8,184.1,0.4091
290,-1,251.3,165.0,165.2,191.3,0.3933
290,-1,272.9,179.9,111.8,167.9,0.1388
291,-1,249.8,158.4,174.3,201.6,0.4465
291,-1,273.1,176.7,99.2,160.9,0.1107
292,-1,247.9,153.3,188.3,214.9,0.3775
292,-1,271.0,164.0,116.0,173.1,0.1078
293,-1,243.5,146.1,206.2,226.6,0.2589
293,-1,285.3,322.3,86.6,38.7,0.1100
294,-1,285.7,325.5,96.7,42.9,0.2970
297,-1,282.6,328.4,82.6,39.5,0.3179
297,-1,240.9,152.5,190.5,231.0,0.2726
297,-1,259.8,170.1,93.5,172.6,0.1421
298,-1,240.0,160.1,186.8,214.0,0.3883
298,-1,276.2,327.1,83.7,34.8,0.1661
298,-1,264.5,179.8,113.3,162.9,0.1567
299,-1,240.7,173.8,172.1,198.7,0.4404
299,-1,263.3,189.1,90.9,165.3,0.1164
300,-1,241.2,181.1,161.5,187.8,0.4226
301,-1,240.7,185.7,155.5,180.3,0.3983
301,-1,265.6,200.5,99.6,156.9,0.1084
302,-1,254.9,196.0,125.1,160.2,0.4856
303,-1,256.7,202.6,114.3,150.8,0.5424
304,-1,257.1,207.6,103.6,142.9,0.5026
305,-1,256.3,209.8,97.4,136.9,0.5246
306,-1,255.2,218.6,89.1,115.9,0.4483
306,-1,233.8,200.8,117.5,149.3,0.2293
307,-1,252.1,218.7,82.8,113.1,0.5471
308,-1,249.2,217.5,81.3,113.8,0.4914
309,-1,249.1,222.3,71.0,100.0,0.4159
310,-1,248.0,220.9,66.7,96.0,0.6028
311,-1,241.3,216.8,66.5,99.8,0.5035
312,-1,243.4,212.6,59.6,98.6,0.5215
313,-1,241.1,215.0,55.1,88.3,0.4835
314,-1,237.3,210.7,53.5,90.8,0.5008
315,-1,219.0,208.4,65.4,96.9,0.2213
315,-1,235.5,221.1,48.2,75.8,0.1402
316,-1,231.4,167.1,62.6,93.1,0.3335
317,-1,244.5,132.3,63.2,95.2,0.2748
317,-1,198.8,439.0,313.2,73.0,0.1244
317,-1,83.1,439.3,346.8,72.7,0.1171
318,-1,257.4,103.2,63.9,94.5,0.2839
318,-1,111.5,463.0,269.4,49.0,0.1687
318,-1,78.8,3.9,337.5,287.8,0.1369
318,-1,173.7,398.8,338.3,113.2,0.1036
319,-1,267.3,77.1,63.7,91.7,0.3148
319,-1,96.3,423.9,350.4,88.1,0.2907
319,-1,67.1,0.0,363.1,266.5,0.2378
319,-1,0.0,0.0,323.9,243.9,0.1085
320,-1,93.7,381.7,315.4,130.3,0.3436
320,-1,101.2,0.0,336.7,235.3,0.2712
320,-1,279.7,58.5,63.4,88.5,0.1982
320,-1,240.0,488.5,69.0,23.4,0.1480
320,-1,246.2,499.9,52.9,12.1,0.1170
320,-1,160.2,475.1,177.3,36.9,0.1142
321,-1,182.9,452.0,135.5,60.0,0.4925
321,-1,114.0,0.0,312.3,211.2,0.2250
321,-1,291.3,37.4,61.5,92.3,0.2031
321,-1,85.3,359.9,311.8,151.3,0.1517
322,-1,183.2,430.4,135.4,81.6,0.4767
322,-1,294.0,25.6,62.5,92.7,0.3166
322,-1,136.4,0.4,326.1,200.5,0.2510
322,-1,186.2,465.7,122.5,46.3,0.1357
322,-1,92.7,322.9,332.0,189.1,0.1279
323,-1,214.9,481.3,62.7,30.7,0.3607
323,-1,192.8,407.0,145.7,105.0,0.2747
323,-1,131.1,1.5,295.9,189.7,0.2563
323,-1,294.3,14.2,64.7,93.5,0.2059
323,-1,203.2,461.1,85.4,50.7,0.1873
323,-1,99.7,278.1,343.9,232.4,0.1209
323,-1,106.8,357.7,265.5,154.3,0.1024
324,-1,222.8,462.4,59.5,47.7,0.6141
324,-1,243.7,2.9,143.6,129.4,0.4888
324,-1,138.2,1.5,306.3,183.0,0.3298
324,-1,208.6,399.5,119.5,112.4,0.2408
325,-1,230.3,447.3,56.8,48.1,0.5213
325,-1,249.6,1.2,138.8,123.3,0.3759
325,-1,158.0,0.7,274.4,178.3,0.2850
325,-1,216.7,389.8,89.1,117.2,0.1808
326,-1,234.9,434.7,54.1,46.0,0.5669
326,-1,254.5,1.3,133.3,118.6,0.4178
326,-1,159.7,0.7,280.1,171.0,0.2766
326,-1,216.7,375.0,116.4,129.0,0.1666
327,-1,240.3,423.6,53.4,44.7,0.5097
327,-1,258.0,2.0,128.6,113.2,0.4373
327,-1,226.4,364.6,86.9,110.9,0.3241
327,-1,152.8,0.8,306.5,168.3,0.2010
327,-1,221.2,356.0,119.1,139.1,0.1676
327,-1,153.1,259.5,259.5,252.5,0.1041
328,-1,240.3,411.8,54.1,46.5,0.6033
328,-1,263.9,2.3,124.5,111.9,0.4189
328,-1,227.1,356.3,96.3,108.7,0.3141
328,-1,314.1,12.9,54.2,57.0,0.2197
328,-1,151.7,1.0,313.5,168.1,0.1689
328,-1,168.5,320.7,204.5,187.7,0.1265
328,-1,149.6,246.2,284.0,265.1,0.1081
329,-1,241.9,403.2,53.2,46.6,0.6479
329,-1,266.6,3.3,122.8,110.8,0.4091
329,-1,225.9,344.4,111.0,116.6,0.2747
329,-1,173.5,312.9,195.3,187.8,0.1181
329,-1,153.7,1.0,310.5,166.3,0.1157
329,-1,155.0,246.3,272.4,261.6,0.1086
330,-1,247.3,396.1,53.2,41.6,0.5333
330,-1,263.6,0.0,123.9,113.9,0.4194
330,-1,234.1,336.0,99.2,110.1,0.2821
330,-1,270.3,341.9,65.1,90.7,0.1538
330,-1,173.0,250.3,223.5,254.5,0.1240
331,-1,248.0,390.7,52.9,40.1,0.5362
331,-1,237.5,334.0,95.1,101.6,0.4423
331,-1,264.8,0.0,122.0,114.5,0.4403
331,-1,177.4,246.3,210.6,251.0,0.1254
332,-1,267.3,0.0,119.3,115.1,0.4781
332,-1,240.1,328.7,92.3,98.3,0.4287
332,-1,250.0,386.2,50.5,36.8,0.2061
332,-1,180.9,244.7,202.3,235.0,0.1463
332,-1,268.0,331.7,67.3,82.9,0.1358
333,-1,268.0,0.0,115.3,115.1,0.5130
333,-1,242.2,320.6,95.3,101.7,0.4466
333,-1,252.7,380.2,48.2,35.5,0.3002
333,-1,176.9,230.3,227.9,240.0,0.2386
334,-1,269.9,0.2,112.7,116.4,0.5712
334,-1,243.6,319.0,88.7,94.8,0.3891
334,-1,179.2,230.0,217.5,228.9,0.2470
334,-1,252.2,376.5,48.6,33.0,0.2361
335,-1,268.8,2.1,110.2,117.3,0.6663
335,-1,243.4,311.5,93.2,98.6,0.5267
335,-1,181.9,230.4,213.1,224.2,0.2007
335,-1,253.6,371.1,47.8,34.9,0.1036
336,-1,268.7,7.3,106.3,115.9,0.6599
336,-1,244.1,310.4,88.4,96.5,0.4092
336,-1,183.6,230.8,209.7,218.6,0.1233
337,-1,271.5,11.9,95.7,114.2,0.6509
337,-1,243.3,307.7,92.1,93.4,0.4565
337,-1,185.5,230.6,207.5,219.9,0.1231
338,-1,273.0,19.6,90.9,108.7,0.6495
338,-1,244.9,307.1,88.3,89.1,0.5255
339,-1,272.1,26.5,87.0,102.6,0.7128
339,-1,246.2,304.1,86.0,93.5,0.3934
340,-1,267.8,31.0,86.3,100.6,0.6308
340,-1,247.7,299.5,90.9,91.8,0.4553
341,-1,265.3,36.7,82.3,97.2,0.7144
341,-1,250.4,300.3,84.1,86.8,0.4444
342,-1,263.8,42.1,82.6,94.4,0.6901
342,-1,250.2,298.0,83.2,86.1,0.4916
343,-1,262.4,46.3,82.1,93.5,0.7155
343,-1,250.7,297.0,82.4,83.1,0.5758
344,-1,261.2,49.9,81.0,92.8,0.6368
344,-1,252.9,294.3,80.7,81.7,0.6091
344,-1,224.0,40.2,130.2,110.9,0.1260
345,-1,259.9,53.9,79.7,90.6,0.7583
345,-1,252.4,291.9,84.4,82.1,0.6505
345,-1,227.7,49.2,125.8,109.3,0.1234
346,-1,252.6,290.7,82.7,80.4,0.7357
346,-1,261.3,58.3,76.0,88.6,0.6405
346,-1,204.1,52.5,149.6,112.6,0.1426
347,-1,254.4,288.9,81.0,77.5,0.7870
347,-1,259.9,63.7,73.9,84.6,0.7133
348,-1,255.1,286.4,79.5,77.9,0.7595
348,-1,260.1,70.6,71.9,80.6,0.6970
349,-1,254.9,285.0,78.4,77.4,0.7274
349,-1,259.6,76.2,71.5,75.8,0.4611
350,-1,255.2,286.1,73.1,72.0,0.6505
350,-1,260.1,86.1,67.3,67.5,0.5081
350,-1,189.7,79.2,152.1,99.2,0.1785
350,-1,222.2,249.6,139.1,128.5,0.1462
351,-1,254.8,285.4,72.3,71.2,0.6379
351,-1,260.4,92.2,64.8,64.7,0.5394
351,-1,194.1,85.0,142.4,94.6,0.1620
351,-1,222.8,248.2,134.4,130.1,0.1405
352,-1,253.7,284.0,73.7,71.1,0.6352
352,-1,257.9,96.4,64.7,62.7,0.5959
352,-1,188.8,92.0,154.7,91.2,0.3559
352,-1,212.9,94.9,112.8,71.4,0.1573
352,-1,223.8,248.4,130.1,130.8,0.1207
353,-1,254.4,283.4,73.4,71.2,0.6357
353,-1,248.6,102.8,72.0,59.4,0.5570
353,-1,191.9,98.9,140.6,84.1,0.2315
353,-1,223.9,248.3,128.1,130.3,0.1271
354,-1,255.4,284.7,70.8,69.8,0.6115
354,-1,252.8,108.2,62.9,56.8,0.5648
354,-1,194.9,106.4,125.3,71.1,0.4110
354,-1,223.7,249.8,124.0,125.6,0.1277
355,-1,253.1,285.4,70.0,68.6,0.6747
355,-1,249.7,116.2,66.0,53.4,0.6172
355,-1,187.6,110.2,138.0,83.9,0.1613
355,-1,220.7,251.8,126.5,128.7,0.1031
356,-1,250.8,285.9,71.0,68.0,0.6962
356,-1,251.6,122.4,62.9,50.9,0.5712
356,-1,196.4,119.7,119.7,66.1,0.4194
356,-1,225.2,252.4,117.5,122.1,0.1394
357,-1,249.2,286.2,71.0,67.7,0.6631
357,-1,250.8,127.7,62.5,48.7,0.6557
357,-1,190.2,124.1,126.1,65.5,0.1351
357,-1,220.6,250.7,118.4,128.7,0.1246
358,-1,248.2,286.9,71.6,67.0,0.6567
358,-1,251.1,134.5,59.0,46.5,0.5063
358,-1,190.1,131.7,122.2,59.6,0.4018
358,-1,225.7,253.2,111.3,120.9,0.1304
359,-1,248.8,291.1,68.3,63.5,0.6556
359,-1,254.0,141.2,52.7,40.9,0.6335
359,-1,220.1,250.5,115.8,130.3,0.1832
359,-1,191.3,136.8,116.6,61.3,0.1408
360,-1,248.0,289.8,67.5,64.7,0.6659
360,-1,251.5,146.3,53.6,40.3,0.5297
360,-1,184.8,142.1,122.4,57.4,0.3183
360,-1,222.5,144.5,85.2,48.6,0.2679
360,-1,220.8,250.6,114.2,125.7,0.1993
361,-1,247.6,290.4,66.1,63.6,0.6877
361,-1,253.1,152.4,48.1,36.8,0.5586
361,-1,223.2,150.9,81.9,43.6,0.1899
361,-1,180.7,149.2,125.9,57.0,0.1820
361,-1,221.3,251.6,110.7,123.2,0.1782
362,-1,246.7,289.9,64.0,63.2,0.6871
362,-1,250.6,157.3,50.3,35.1,0.4744
362,-1,181.2,153.4,122.1,55.2,0.2150
362,-1,212.0,156.1,92.3,43.4,0.1695
362,-1,221.6,253.2,106.8,122.3,0.1387
363,-1,246.1,289.5,63.9,63.5,0.6791
363,-1,228.9,161.9,74.3,41.0,0.2234
363,-1,222.5,256.5,101.7,115.8,0.1697
363,-1,178.3,159.7,129.4,50.1,0.1156
364,-1,243.8,289.7,65.1,64.2,0.6424
364,-1,222.5,259.8,97.9,109.3,0.2120
365,-1,242.1,289.4,64.5,63.5,0.6609
365,-1,230.3,268.2,84.0,93.6,0.1725
365,-1,200.4,171.0,99.7,36.7,0.1082
366,-1,241.4,288.7,63.5,64.4,0.6696
366,-1,230.2,270.2,81.5,90.9,0.2396
367,-1,239.2,289.6,63.1,63.7,0.6395
367,-1,228.9,270.3,80.0,90.7,0.2556
367,-1,125.3,178.6,241.4,270.3,0.1016
368,-1,239.0,289.5,62.1,60.9,0.6325
368,-1,228.7,270.5,78.7,88.1,0.3351
368,-1,126.3,179.3,236.9,266.5,0.1208
369,-1,239.5,289.0,61.3,60.8,0.6180
369,-1,228.1,269.5,78.9,88.8,0.4016
369,-1,127.1,180.4,234.1,263.8,0.1175
370,-1,241.8,295.8,57.0,53.9,0.5985
370,-1,228.3,269.1,78.0,88.1,0.4489
370,-1,129.1,180.9,229.0,258.9,0.1658
371,-1,216.9,292.6,60.0,59.6,0.6036
371,-1,206.1,271.5,75.9,87.0,0.5267
371,-1,107.1,183.6,223.2,250.3,0.1329
372,-1,203.2,301.5,54.9,49.7,0.6496
372,-1,190.8,272.6,74.4,86.6,0.4379
372,-1,97.0,184.2,221.1,248.8,0.1754
373,-1,188.3,301.6,56.5,48.6,0.6726
373,-1,178.6,273.3,73.0,84.2,0.4262
373,-1,81.1,185.3,221.5,248.7,0.1726
374,-1,177.0,300.0,55.6,50.0,0.6500
374,-1,166.3,274.1,73.1,83.2,0.5108
374,-1,75.6,188.2,216.1,240.1,0.2146
375,-1,155.1,274.3,73.9,82.1,0.5639
375,-1,164.8,299.9,56.5,49.5,0.5615
375,-1,68.8,189.4,211.6,231.6,0.1554
376,-1,156.2,297.1,58.6,52.5,0.5836
376,-1,146.7,274.4,75.6,81.8,0.4786
376,-1,60.0,192.7,212.8,228.3,0.1789
377,-1,150.1,299.7,56.3,48.8,0.6255
377,-1,140.9,273.8,73.1,79.8,0.5663
377,-1,58.5,192.7,204.8,222.0,0.2530
378,-1,142.8,297.3,58.7,49.3,0.5751
378,-1,133.5,274.1,75.9,77.6,0.4825
378,-1,55.9,193.4,197.8,210.8,0.2174
379,-1,131.6,274.1,71.5,77.5,0.5591
379,-1,138.9,297.7,58.2,48.3,0.5292
379,-1,53.2,194.5,197.9,209.8,0.2454
380,-1,134.9,297.4,58.1,46.9,0.6326
380,-1,129.1,272.6,71.0,77.4,0.5345
380,-1,52.5,194.6,196.1,208.4,0.2479
381,-1,133.3,297.9,57.4,46.4,0.5759
381,-1,126.5,273.2,72.6,77.0,0.5011
381,-1,52.9,196.5,195.5,209.6,0.2796
382,-1,131.1,297.9,56.8,45.6,0.5563
382,-1,122.8,273.6,73.5,76.9,0.4385
382,-1,53.3,197.1,192.6,206.7,0.2655
383,-1,122.0,272.8,69.6,75.6,0.4720
383,-1,129.2,295.7,56.5,46.1,0.4369
383,-1,54.3,197.4,189.0,202.3,0.2344
384,-1,122.1,272.7,68.6,74.4,0.4506
384,-1,127.8,297.6,56.4,43.4,0.3531
384,-1,56.7,198.6,184.4,196.8,0.2482
385,-1,128.3,297.6,54.9,42.2,0.4459
385,-1,122.7,273.0,67.7,73.3,0.4039
385,-1,58.5,199.1,181.7,194.2,0.2492
386,-1,128.1,296.2,53.8,42.0,0.4557
386,-1,123.1,272.1,66.8,72.4,0.3275
386,-1,59.9,199.3,179.9,191.3,0.1977
387,-1,128.4,295.9,53.7,41.4,0.4035
387,-1,123.3,271.4,66.7,72.2,0.2896
387,-1,61.5,200.1,178.4,189.2,0.1876
388,-1,129.6,296.3,52.6,40.5,0.3929
388,-1,123.4,271.5,66.7,72.0,0.2584
388,-1,65.2,202.2,174.7,185.5,0.1866
389,-1,130.7,297.4,51.6,39.0,0.3033
389,-1,123.6,271.6,66.6,71.2,0.2261
389,-1,68.2,203.6,171.5,181.6,0.2034
390,-1,128.9,293.3,53.6,41.4,0.2684
390,-1,124.4,268.2,64.5,72.6,0.2524
390,-1,68.9,203.4,171.1,180.5,0.1019
391,-1,125.4,266.7,63.5,72.6,0.3464
391,-1,127.7,288.3,57.4,43.4,0.2989
392,-1,125.6,267.1,63.3,71.6,0.3146
392,-1,128.4,286.4,57.6,44.9,0.2966
393,-1,128.3,286.4,57.0,42.9,0.3524
393,-1,125.3,266.2,63.7,71.8,0.3433
394,-1,125.8,266.5,63.5,70.8,0.3096
394,-1,128.7,284.9,57.3,44.0,0.2849
395,-1,126.9,265.9,62.8,70.2,0.3177
395,-1,129.4,285.3,55.7,42.3,0.1841
396,-1,127.8,266.4,62.7,68.2,0.2423
396,-1,130.1,283.0,56.1,44.0,0.1134
397,-1,128.5,266.7,62.8,67.4,0.1826
398,-1,131.4,269.4,58.2,55.9,0.1557
399,-1,131.9,268.8,57.8,55.7,0.1961
400,-1,132.3,268.4,57.5,54.6,0.2336
401,-1,132.8,268.2,57.6,54.8,0.3059
401,-1,99.4,216.8,140.1,149.8,0.1101
402,-1,133.6,269.2,56.4,52.9,0.2628
402,-1,100.2,216.1,139.0,149.9,0.1183
403,-1,226.7,41.2,285.3,331.4,0.1990
403,-1,133.5,268.4,56.1,52.4,0.1925
403,-1,101.2,215.3,136.5,149.3,0.1273
404,-1,238.7,57.0,271.7,306.0,0.2532
404,-1,133.8,268.2,55.7,51.8,0.2012
404,-1,102.4,215.3,134.0,148.0,0.1233
405,-1,234.0,65.2,278.0,343.0,0.2706
405,-1,134.5,268.2,54.6,51.4,0.2516
405,-1,102.7,215.6,133.5,147.9,0.1339
406,-1,246.9,71.0,264.5,315.2,0.2624
406,-1,135.3,268.3,53.9,49.9,0.2169
406,-1,103.6,215.7,131.1,144.6,0.1092
407,-1,204.4,70.0,299.6,329.5,0.2433
407,-1,133.1,262.6,58.1,54.0,0.2366
407,-1,101.1,210.1,134.0,149.5,0.1756
408,-1,133.1,262.2,57.5,53.8,0.3077
408,-1,101.8,210.3,132.5,148.9,0.2254
408,-1,218.6,76.9,274.2,298.2,0.2011
409,-1,133.2,262.0,57.2,53.5,0.2921
409,-1,102.5,210.2,131.4,149.8,0.2243
409,-1,163.4,75.8,326.0,319.0,0.1793
410,-1,133.3,262.1,57.6,53.3,0.2442
410,-1,103.5,211.2,129.8,149.1,0.2043
410,-1,174.7,81.3,300.7,291.3,0.1966
411,-1,133.9,262.0,56.5,52.1,0.2548
411,-1,104.3,211.7,128.0,147.9,0.2185
411,-1,192.1,91.7,268.2,265.1,0.2079
412,-1,134.1,262.0,56.2,51.9,0.2661
412,-1,104.7,212.3,127.0,147.6,0.2063
412,-1,129.7,85.1,328.1,290.5,0.1570
413,-1,134.4,261.6,55.5,51.8,0.3191
413,-1,105.0,212.1,126.0,144.6,0.2745
413,-1,139.4,94.0,307.8,266.7,0.1794
414,-1,135.2,261.4,54.4,50.0,0.3404
414,-1,106.0,212.1,124.6,145.1,0.2577
414,-1,146.5,103.9,290.4,248.0,0.1239
415,-1,136.1,261.4,54.0,49.0,0.3460
415,-1,107.0,212.8,123.5,145.5,0.2220
415,-1,149.7,111.0,279.8,238.3,0.1133
416,-1,135.2,260.7,55.5,49.1,0.3702
416,-1,107.7,212.3,122.3,143.2,0.2584
416,-1,101.7,118.7,325.8,249.8,0.1134
417,-1,136.6,260.5,54.6,49.1,0.3854
417,-1,108.9,212.1,121.2,140.0,0.3211
417,-1,109.2,123.9,310.8,239.2,0.1481
418,-1,137.7,260.2,55.2,49.0,0.3718
418,-1,110.7,212.5,119.8,139.1,0.3219
418,-1,115.1,126.1,301.3,233.8,0.1292
419,-1,137.8,259.6,56.3,49.0,0.3522
419,-1,111.6,212.6,119.7,138.3,0.2688
419,-1,118.7,127.6,293.5,228.9,0.1199
420,-1,139.1,257.9,55.8,50.5,0.3240
420,-1,112.5,212.5,119.5,137.5,0.2653
420,-1,124.3,129.3,281.9,224.4,0.1150
421,-1,140.9,259.7,53.8,49.0,0.3439
421,-1,116.3,216.0,115.6,129.6,0.2209
421,-1,82.9,129.5,324.4,252.7,0.1072
422,-1,142.5,260.5,54.1,48.6,0.3475
422,-1,117.1,217.2,115.4,130.1,0.2274
423,-1,143.6,260.7,54.6,48.4,0.3002
423,-1,118.2,218.0,114.9,130.4,0.2452
424,-1,143.6,260.0,55.7,49.6,0.3066
424,-1,119.0,218.5,114.8,129.5,0.2755
424,-1,57.8,143.7,351.6,280.9,0.1026
425,-1,144.7,259.9,54.6,49.2,0.3094
425,-1,120.4,218.5,114.5,129.6,0.3000
425,-1,60.7,146.8,346.1,268.0,0.1336
426,-1,146.4,260.4,53.3,48.5,0.3336
426,-1,122.4,219.1,113.8,130.7,0.3147
426,-1,63.5,149.3,341.2,263.9,0.1309
427,-1,123.9,220.5,112.8,131.5,0.2996
427,-1,147.5,260.9,53.4,48.1,0.2895
427,-1,68.7,151.2,332.5,254.7,0.1302
428,-1,147.8,260.9,54.0,48.1,0.2769
428,-1,124.9,221.6,112.4,131.0,0.2419
428,-1,76.0,153.0,320.8,243.1,0.1629
429,-1,148.7,260.7,52.8,47.9,0.3031
429,-1,126.1,222.4,111.3,128.6,0.2299
429,-1,81.8,153.7,310.6,232.0,0.1721
430,-1,148.9,260.9,53.2,47.8,0.2900
430,-1,127.6,223.3,111.6,122.2,0.1882
430,-1,90.2,156.4,296.5,217.4,0.1735
430,-1,30.6,147.5,383.0,323.7,0.1093
431,-1,225.8,241.6,51.4,47.1,0.2741
431,-1,207.7,205.7,102.1,120.1,0.2285
431,-1,142.6,145.2,335.5,240.4,0.1725
432,-1,199.1,119.6,312.9,293.2,0.2092
432,-1,295.3,224.4,52.4,47.1,0.1857
432,-1,271.9,186.4,110.3,124.5,0.1314
433,-1,357.1,208.6,53.9,48.3,0.3096
433,-1,334.1,170.3,112.2,126.5,0.1942
433,-1,250.1,16.6,258.1,360.1,0.1224
434,-1,415.2,190.5,56.7,48.4,0.3014
434,-1,302.0,31.5,210.0,337.1,0.1059
435,-1,427.6,132.5,84.2,140.8,0.4517
435,-1,466.0,173.7,46.0,49.6,0.2741
435,-1,381.5,106.1,130.5,186.9,0.2592
436,-1,269.2,12.8,238.5,363.0,0.3084
436,-1,0.6,4.2,230.1,342.4,0.2641
437,-1,305.2,13.5,204.6,320.4,0.4419
437,-1,14.2,2.6,252.1,345.1,0.2934
438,-1,335.6,21.6,176.4,293.3,0.4858
438,-1,0.0,2.5,339.5,358.6,0.1742
438,-1,0.0,166.4,75.0,163.3,0.1159
439,-1,375.7,25.0,136.3,330.2,0.2140
439,-1,0.0,149.7,112.0,180.6,0.1852
439,-1,0.0,0.5,380.6,361.6,0.1018
440,-1,1.7,166.4,78.4,108.7,0.3017
440,-1,0.0,158.7,120.3,139.9,0.1250
441,-1,21.0,168.0,72.5,98.2,0.4181
442,-1,42.0,163.7,73.6,101.5,0.2548
443,-1,56.4,161.0,74.7,103.0,0.3116
444,-1,65.4,161.2,74.6,102.6,0.2916
444,-1,60.3,151.3,104.6,128.5,0.1016
445,-1,72.4,162.5,73.1,101.3,0.3103
446,-1,75.2,163.1,75.6,102.6,0.3096
446,-1,68.6,151.9,110.2,128.2,0.1032
447,-1,78.1,163.7,73.9,102.4,0.2711
448,-1,78.1,168.2,72.5,100.5,0.2904
449,-1,74.9,168.2,78.8,108.0,0.3316
450,-1,74.7,172.0,72.0,102.4,0.3535
451,-1,68.6,170.7,80.6,108.9,0.2902
452,-1,60.8,167.4,88.9,121.6,0.2472
453,-1,60.5,168.2,86.2,121.9,0.2927
454,-1,58.6,170.3,85.1,121.2,0.2816
455,-1,58.0,179.8,78.5,110.1,0.2075
455,-1,25.5,150.2,189.7,195.7,0.1097
456,-1,48.5,180.5,92.0,124.0,0.2259
456,-1,24.7,156.5,188.8,195.9,0.1433
457,-1,46.2,192.0,87.9,113.4,0.2040
458,-1,38.8,177.1,115.3,146.2,0.2114
458,-1,47.2,198.0,84.6,111.8,0.1949
458,-1,0.0,109.1,338.1,402.9,0.1260
459,-1,40.5,191.2,104.5,138.1,0.1253
459,-1,20.8,174.7,199.5,201.0,0.1140
459,-1,0.0,117.7,337.0,394.3,0.1111
460,-1,47.5,208.7,78.9,105.2,0.1557
460,-1,21.0,177.4,198.0,205.4,0.1266
460,-1,37.1,181.4,128.8,155.7,0.1219
461,-1,49.5,210.8,82.5,107.4,0.1766
461,-1,38.9,187.0,121.8,153.3,0.1148
461,-1,48.8,220.0,53.4,80.6,0.1069
461,-1,19.2,174.3,220.4,232.0,0.1002
462,-1,51.1,224.0,56.9,81.3,0.1537
462,-1,20.8,179.4,219.4,228.1,0.1165
463,-1,55.3,225.1,58.4,82.0,0.1923
464,-1,59.0,226.3,58.8,82.6,0.2680
464,-1,55.9,218.6,84.6,104.8,0.1091
465,-1,62.3,226.6,62.0,85.8,0.2084
466,-1,66.7,227.3,65.4,87.5,0.2981
467,-1,72.4,226.2,67.1,88.9,0.2883
468,-1,76.9,222.5,79.5,99.0,0.2599
469,-1,82.9,222.3,70.6,91.5,0.2950
470,-1,87.0,219.3,77.8,96.5,0.3952
471,-1,94.4,217.8,75.8,96.6,0.3945
472,-1,98.9,218.1,76.8,95.2,0.5394
473,-1,105.3,215.5,77.7,96.3,0.5494
474,-1,110.6,212.9,78.7,95.4,0.5888
475,-1,115.4,209.5,79.3,96.1,0.6308
476,-1,120.7,205.0,79.4,98.5,0.6186
477,-1,125.1,202.0,80.2,97.2,0.6625
477,-1,92.5,146.1,247.3,296.2,0.1161
478,-1,128.0,197.8,81.9,98.4,0.7060
478,-1,92.3,137.1,257.0,309.7,0.1734
479,-1,130.2,191.5,84.3,102.7,0.6560
479,-1,93.2,132.3,263.5,321.7,0.2157
480,-1,132.3,189.0,86.6,101.8,0.6851
480,-1,91.5,119.2,304.5,333.5,0.2188
481,-1,136.1,183.5,84.7,102.9,0.7284
481,-1,92.0,117.4,292.8,346.9,0.2277
482,-1,136.9,177.5,86.8,106.1,0.7449
482,-1,92.2,107.6,309.1,359.3,0.1728
483,-1,137.8,175.8,89.9,106.0,0.7389
483,-1,92.4,108.7,323.5,362.4,0.1639
484,-1,137.6,171.0,92.5,108.4,0.7308
484,-1,89.0,94.2,336.9,397.5,0.1438
485,-1,135.8,163.4,96.4,115.5,0.7033
485,-1,89.9,92.2,338.4,409.2,0.1403
486,-1,135.7,163.3,96.4,115.1,0.6815
486,-1,88.9,70.1,341.9,428.6,0.1301
487,-1,132.3,158.3,105.2,121.8,0.7165
487,-1,89.2,64.7,341.7,409.4,0.1374
488,-1,131.0,157.0,106.6,123.3,0.7359
488,-1,87.1,58.8,341.2,384.8,0.1447
489,-1,129.5,155.8,109.2,124.9,0.7248
489,-1,87.0,59.8,339.1,362.5,0.1692
490,-1,126.7,151.4,113.1,129.4,0.7513
490,-1,88.5,63.9,339.0,365.8,0.2016
491,-1,124.3,148.8,115.6,132.1,0.7595
491,-1,88.4,65.6,339.3,385.1,0.2294
492,-1,121.9,148.3,117.7,134.0,0.7319
492,-1,87.3,64.0,341.2,400.2,0.2659
493,-1,117.3,147.4,122.4,138.9,0.6819
493,-1,86.1,60.3,343.5,425.5,0.2825
493,-1,79.4,100.0,258.4,333.6,0.2033
493,-1,160.4,153.9,75.2,129.0,0.1823
494,-1,111.3,144.3,126.4,145.9,0.6524
494,-1,83.9,59.9,346.4,431.5,0.2695
494,-1,77.6,107.3,241.5,327.9,0.1155
494,-1,163.5,153.6,72.1,131.2,0.1113
495,-1,105.9,145.9,130.7,148.1,0.6633
495,-1,67.5,66.8,344.7,417.5,0.2415
496,-1,102.0,147.3,134.1,148.8,0.6746
496,-1,65.0,65.4,346.0,419.5,0.2412
497,-1,97.5,146.9,137.1,148.5,0.6269
497,-1,63.7,72.4,345.1,414.0,0.2547
498,-1,92.8,149.0,141.4,150.6,0.6146
498,-1,58.2,88.9,357.1,423.1,0.2670
499,-1,90.0,149.3,144.9,157.3,0.6254
499,-1,52.4,85.5,365.6,426.5,0.2125
500,-1,84.8,146.0,150.0,163.0,0.6106
500,-1,46.7,82.3,373.7,429.7,0.1612
500,-1,56.1,129.4,186.5,223.8,0.1027
501,-1,79.8,144.1,154.8,166.4,0.5778
502,-1,65.3,142.1,168.2,189.9,0.5307
503,-1,63.0,141.5,170.2,195.5,0.5515
504,-1,61.4,140.4,172.4,201.1,0.5618
505,-1,58.8,135.1,176.8,209.3,0.5758
505,-1,67.8,152.1,132.9,166.0,0.1261
506,-1,56.9,129.1,182.4,218.8,0.5790
506,-1,66.3,151.0,135.3,167.4,0.1208
506,-1,12.4,79.8,379.5,417.6,0.1012
507,-1,56.2,127.1,186.1,221.8,0.6036
507,-1,9.2,75.9,386.1,436.1,0.1028
508,-1,53.2,124.1,193.8,223.0,0.5987
509,-1,53.2,119.5,198.2,226.3,0.6128
510,-1,50.9,115.1,205.3,230.6,0.6242
511,-1,50.0,103.3,212.1,243.0,0.6275
512,-1,49.5,97.9,218.1,249.6,0.6211
513,-1,49.1,90.2,226.6,256.1,0.6113
514,-1,48.7,87.8,233.6,254.9,0.6077
515,-1,52.1,88.7,231.6,245.3,0.5646
516,-1,63.4,83.2,234.6,246.7,0.5919
516,-1,76.8,95.8,90.9,117.1,0.1807
516,-1,79.0,100.6,66.2,94.1,0.1251
517,-1,64.0,73.0,241.8,259.0,0.5976
517,-1,78.9,93.2,92.6,108.6,0.3677
517,-1,82.3,98.2,65.0,92.1,0.2055
518,-1,65.1,70.7,254.0,258.6,0.6021
518,-1,81.7,88.7,93.7,114.3,0.3700
519,-1,65.7,69.2,263.9,262.0,0.5033
519,-1,87.0,86.8,90.2,113.0,0.4440
520,-1,67.5,68.1,271.2,269.1,0.4329
520,-1,88.7,79.9,99.2,124.2,0.3165
520,-1,91.2,86.0,68.1,102.7,0.1017
521,-1,95.4,83.7,70.7,103.3,0.3104
521,-1,83.5,63.1,265.1,272.7,0.2242
521,-1,93.6,77.7,96.8,138.0,0.1928
522,-1,97.8,82.1,71.3,107.6,0.3422
522,-1,81.5,56.8,279.1,289.2,0.2121
522,-1,94.2,74.5,104.7,132.1,0.1844
523,-1,102.4,81.5,73.2,103.6,0.3651
523,-1,97.3,72.9,103.8,132.8,0.2497
523,-1,81.4,47.3,295.6,307.9,0.2006
524,-1,105.8,81.4,70.0,110.2,0.2949
524,-1,98.4,71.9,103.9,137.5,0.1854
524,-1,79.9,39.1,316.6,318.5,0.1435
525,-1,106.5,79.5,72.5,114.8,0.3132
525,-1,100.4,70.6,103.0,139.8,0.1738
526,-1,106.0,77.9,77.5,121.5,0.2877
526,-1,97.9,61.5,109.7,153.1,0.1871
527,-1,107.1,75.0,80.1,122.5,0.2609
527,-1,114.0,77.1,59.2,83.0,0.1942
527,-1,100.5,60.0,109.5,151.5,0.1261
528,-1,114.4,75.3,61.5,78.2,0.3754
528,-1,100.6,60.6,109.6,148.8,0.1842
528,-1,110.4,74.5,75.7,127.0,0.1142
529,-1,114.4,76.9,63.3,72.2,0.3735
529,-1,100.4,57.9,111.5,152.9,0.2198
529,-1,111.5,75.3,76.5,125.1,0.1160
530,-1,114.5,76.0,65.8,77.6,0.3652
530,-1,107.7,71.9,91.2,132.1,0.2860
531,-1,114.5,76.7,68.3,76.6,0.3785
531,-1,103.7,62.1,106.5,157.5,0.3005
531,-1,113.4,76.3,78.3,122.2,0.1363
532,-1,103.7,61.2,109.4,159.9,0.3172
532,-1,114.6,77.1,72.1,77.7,0.3061
532,-1,114.2,77.0,79.2,122.7,0.1229
533,-1,103.0,58.6,114.9,161.5,0.3012
533,-1,114.1,75.2,76.2,80.4,0.2770
534,-1,100.9,56.8,121.1,165.4,0.3015
534,-1,113.4,74.8,79.7,81.7,0.1346
535,-1,98.2,55.0,123.0,164.2,0.3863
535,-1,76.8,46.7,165.7,206.7,0.1181
536,-1,97.8,54.2,123.6,169.3,0.4227
536,-1,389.1,342.2,54.5,68.3,0.1334
536,-1,77.0,45.2,166.5,211.7,0.1204
537,-1,96.5,54.1,126.1,176.8,0.3788
537,-1,409.8,345.4,43.2,65.9,0.1809
537,-1,398.8,338.5,57.1,86.2,0.1729
537,-1,110.8,75.7,87.9,117.0,0.1102
538,-1,438.7,351.2,22.9,14.4,0.3831
538,-1,89.2,54.0,133.1,174.0,0.3605
538,-1,412.6,348.4,55.0,74.7,0.2569
538,-1,102.9,72.5,96.2,119.4,0.2337
538,-1,400.2,329.8,69.6,102.1,0.1020
539,-1,443.9,357.3,25.6,15.5,0.4367
539,-1,84.3,54.3,137.0,169.7,0.4201
539,-1,99.4,71.0,100.3,120.4,0.2602
539,-1,419.6,352.3,54.2,69.4,0.1181
540,-1,447.3,363.1,29.5,16.1,0.4050
540,-1,80.0,51.7,140.6,172.3,0.3668
540,-1,95.4,69.3,103.5,120.0,0.2546
541,-1,449.9,366.2,31.3,15.3,0.5475
541,-1,85.9,65.5,108.6,121.0,0.3834
541,-1,70.4,44.5,149.8,181.2,0.2190
542,-1,451.3,370.7,31.5,15.6,0.3797
542,-1,77.1,61.0,118.1,119.8,0.3650
542,-1,55.0,42.7,171.4,199.6,0.2368
543,-1,70.5,51.9,124.1,131.7,0.4320
543,-1,450.6,377.6,31.7,15.3,0.3330
543,-1,44.2,43.0,181.4,198.1,0.1998
544,-1,60.8,49.6,127.4,128.1,0.3482
544,-1,447.9,380.3,32.7,15.2,0.2745
544,-1,31.5,44.1,180.4,197.4,0.2198
545,-1,22.3,30.2,184.1,217.8,0.3172
545,-1,48.2,39.1,138.0,127.4,0.2702
546,-1,442.3,387.0,31.9,14.4,0.3488
546,-1,4.4,10.7,213.5,266.9,0.2805
546,-1,25.4,45.6,165.5,161.2,0.1577
546,-1,36.1,36.6,142.5,124.5,0.1228
547,-1,436.3,382.4,39.1,16.5,0.4738
547,-1,0.0,3.4,209.3,249.9,0.2570
547,-1,33.8,38.9,136.2,112.5,0.1227
548,-1,11.8,33.0,163.6,159.8,0.2538
548,-1,0.0,0.0,218.5,301.9,0.1183
548,-1,428.3,378.9,41.7,14.2,0.1119
549,-1,1.9,5.3,185.8,204.4,0.4187
549,-1,400.9,365.8,83.0,74.6,0.1775
549,-1,408.3,367.4,72.6,48.2,0.1422
549,-1,0.0,0.0,202.9,351.3,0.1019
549,-1,7.9,12.3,143.4,151.9,0.1011
550,-1,392.1,360.0,91.0,80.5,0.5639
550,-1,0.8,2.1,180.0,199.4,0.3694
551,-1,0.0,0.6,192.9,202.6,0.3988
551,-1,377.3,345.9,112.7,105.8,0.2833
551,-1,16.4,33.5,147.9,138.0,0.1040
552,-1,410.0,377.4,66.5,58.9,0.5027
552,-1,0.0,0.0,207.3,198.0,0.4581
552,-1,365.1,333.4,126.2,122.2,0.3386
552,-1,438.9,380.2,35.6,34.8,0.1449
553,-1,427.3,363.6,40.4,34.9,0.3344
553,-1,399.8,361.2,71.8,67.1,0.2825
553,-1,345.2,308.5,157.0,139.6,0.2509
553,-1,0.0,0.0,197.7,164.2,0.1650
554,-1,351.3,304.4,137.5,122.8,0.3470
554,-1,412.0,345.5,43.9,35.9,0.2330
555,-1,402.6,332.2,39.0,34.2,0.3148
555,-1,341.7,293.4,138.4,121.7,0.2929
555,-1,316.9,280.3,183.9,162.3,0.1250
555,-1,377.1,331.3,70.5,64.4,0.1109
556,-1,317.0,272.5,160.9,162.1,0.3618
556,-1,389.5,318.8,39.8,34.3,0.3172
557,-1,380.0,305.1,37.3,34.9,0.2407
557,-1,321.7,269.9,135.0,119.8,0.2264
557,-1,299.8,255.4,177.3,174.8,0.1792
557,-1,346.9,285.8,101.4,94.2,0.1205
558,-1,369.1,291.2,37.8,33.6,0.2015
558,-1,315.5,258.7,127.4,111.5,0.1658
559,-1,359.4,277.1,36.8,33.4,0.2581
559,-1,305.6,245.7,130.4,114.0,0.2012
559,-1,285.0,228.7,166.7,175.1,0.1201
560,-1,350.8,263.4,36.2,32.9,0.2570
560,-1,295.7,233.0,130.8,117.0,0.2198
560,-1,321.2,247.6,94.4,91.9,0.1250
561,-1,341.6,248.9,36.6,33.5,0.2751
561,-1,311.6,236.7,95.7,89.3,0.2543
561,-1,285.2,219.3,138.8,120.4,0.1704
562,-1,331.0,233.1,38.4,33.9,0.2740
562,-1,301.6,217.8,96.7,93.6,0.2291
562,-1,277.8,201.1,133.0,118.0,0.1914
563,-1,268.7,185.8,135.3,121.8,0.3577
563,-1,294.2,204.8,97.9,93.0,0.2734
563,-1,324.2,218.6,38.6,34.4,0.2429
564,-1,315.1,207.2,41.8,35.3,0.2565
564,-1,261.5,172.8,136.1,120.6,0.2275
564,-1,287.6,194.8,98.0,91.2,0.2021
565,-1,311.7,199.1,39.1,34.7,0.2435
565,-1,255.9,161.2,135.0,124.5,0.1808
566,-1,250.9,152.8,138.8,126.7,0.2797
566,-1,306.6,190.9,39.0,35.0,0.2151
567,-1,303.9,183.6,39.1,35.9,0.3238
567,-1,244.3,143.9,140.1,127.7,0.1371
567,-1,0.0,299.5,215.2,212.5,0.1115
568,-1,298.8,176.4,39.1,37.0,0.2462
568,-1,241.5,132.0,138.7,142.7,0.2294
568,-1,268.0,169.4,101.7,90.5,0.1648
569,-1,293.4,172.4,42.4,36.4,0.2947
570,-1,289.4,169.2,43.2,37.0,0.2997
570,-1,217.4,118.7,162.2,150.2,0.2306
571,-1,286.8,165.8,44.0,38.4,0.3323
571,-1,228.1,114.6,148.5,153.5,0.2595
572,-1,285.4,164.5,41.4,39.1,0.3514
572,-1,209.8,106.9,169.8,159.5,0.1478
573,-1,281.4,164.2,43.0,37.1,0.3465
573,-1,207.4,104.5,170.0,167.9,0.1483
573,-1,248.3,154.3,112.1,96.3,0.1337
574,-1,278.0,163.2,42.8,40.1,0.3869
574,-1,203.1,103.0,173.9,159.4,0.1197
575,-1,273.2,164.6,44.8,39.2,0.3161
575,-1,202.0,102.1,173.2,158.9,0.1118
576,-1,224.8,102.7,40.7,20.9,0.5942
576,-1,270.2,165.8,42.7,40.4,0.3694
576,-1,189.1,99.9,175.7,159.6,0.1196
577,-1,220.5,101.5,44.0,24.1,0.7394
577,-1,268.3,169.9,41.3,37.7,0.3987
577,-1,187.9,97.9,174.5,166.6,0.1192
578,-1,215.4,100.8,46.2,26.2,0.7100
578,-1,265.6,173.2,41.6,39.8,0.3429
579,-1,208.8,101.4,45.9,29.9,0.7691
579,-1,260.5,176.6,45.0,41.7,0.3669
579,-1,222.8,162.5,125.1,103.8,0.1195
580,-1,205.6,102.5,45.0,31.9,0.6874
580,-1,257.8,181.9,44.7,41.5,0.3994
581,-1,202.1,103.6,46.3,34.1,0.6843
581,-1,255.7,187.8,45.9,40.7,0.3971
581,-1,218.0,172.6,128.5,106.0,0.1407
582,-1,198.8,105.0,50.6,35.6,0.6421
582,-1,255.0,194.0,44.2,39.5,0.4141
583,-1,194.0,105.7,51.2,38.0,0.6580
583,-1,253.2,198.9,42.8,40.6,0.4166
584,-1,191.3,106.6,52.1,40.8,0.6241
584,-1,250.2,203.9,44.1,41.9,0.3916
585,-1,186.4,109.3,53.4,44.5,0.7128
585,-1,247.6,209.7,47.5,42.7,0.3929
586,-1,181.5,111.1,54.1,45.8,0.7241
586,-1,246.9,216.5,44.3,41.9,0.5056
587,-1,178.9,113.3,54.5,48.8,0.7641
587,-1,245.2,222.9,43.6,42.4,0.4006
588,-1,173.7,115.5,55.3,50.6,0.8405
588,-1,242.5,228.4,45.5,43.9,0.4597
589,-1,169.5,117.0,59.4,52.9,0.7758
589,-1,239.1,233.4,49.0,45.2,0.4520
590,-1,167.1,118.4,61.5,54.5,0.7534
590,-1,239.1,239.1,48.3,45.6,0.5359
591,-1,161.4,119.5,67.0,56.7,0.7433
591,-1,238.2,244.1,49.1,46.4,0.5016
592,-1,157.4,117.9,69.5,60.3,0.7272
592,-1,239.3,248.3,47.3,46.5,0.4845
593,-1,152.6,117.5,71.1,62.4,0.6345
593,-1,237.8,252.1,48.0,46.7,0.5859
594,-1,149.3,115.9,73.9,64.1,0.5972
594,-1,236.5,256.0,48.2,47.3,0.5397
595,-1,148.3,112.4,73.4,67.4,0.7349
595,-1,234.8,258.1,51.4,48.8,0.5872
596,-1,146.1,106.2,78.1,71.4,0.7567
596,-1,235.1,260.3,48.6,49.7,0.5424
597,-1,141.7,102.0,79.1,75.5,0.8239
597,-1,233.7,263.1,52.1,49.8,0.5556
597,-1,139.6,200.0,264.4,221.9,0.1056
598,-1,136.4,94.8,85.1,81.9,0.8326
598,-1,233.9,264.1,52.0,51.1,0.6065
598,-1,293.0,404.7,34.2,18.8,0.5264
599,-1,129.9,91.2,88.4,81.7,0.8330
599,-1,297.0,408.8,37.0,24.0,0.6625
599,-1,234.1,265.0,50.7,51.5,0.5889
600,-1,118.9,84.1,100.5,87.2,0.7888
600,-1,298.1,412.2,39.6,29.6,0.7747
600,-1,231.2,263.9,56.8,54.2,0.6179
601,-1,111.4,78.3,105.5,90.4,0.7872
601,-1,299.7,416.4,42.7,35.4,0.7337
601,-1,231.9,264.2,57.6,54.9,0.6392
602,-1,105.2,71.6,112.9,93.7,0.7880
602,-1,302.3,420.5,41.0,35.3,0.6487
602,-1,231.8,262.4,60.5,57.3,0.6167
602,-1,89.3,53.3,156.2,123.3,0.1200
603,-1,94.9,60.3,122.4,98.6,0.8224
603,-1,303.0,421.1,44.6,36.9,0.6913
603,-1,231.0,257.4,61.4,60.6,0.5733
604,-1,85.4,47.0,126.9,101.4,0.8408
604,-1,301.9,420.2,46.6,39.1,0.6407
604,-1,228.7,253.1,63.0,61.4,0.6074
604,-1,64.2,14.7,179.6,145.8,0.1114
605,-1,71.4,25.3,134.5,110.9,0.7780
605,-1,299.1,418.3,47.7,40.7,0.6658
605,-1,226.6,247.3,64.0,62.1,0.5819
605,-1,37.7,7.9,186.6,135.4,0.2112
606,-1,62.9,14.6,143.0,113.0,0.7440
606,-1,299.8,419.0,48.4,43.8,0.6667
606,-1,224.1,242.1,66.1,64.2,0.5729
606,-1,22.6,4.9,203.5,133.9,0.1917
607,-1,298.4,417.3,49.8,45.2,0.6686
607,-1,221.7,236.0,67.5,65.1,0.5863
607,-1,59.5,10.2,144.6,105.2,0.5771
607,-1,15.3,4.1,211.4,132.2,0.1039
608,-1,297.0,414.2,50.5,47.5,0.7120
608,-1,69.4,12.4,126.3,84.4,0.4902
608,-1,219.5,227.8,68.3,67.9,0.4869
608,-1,20.0,2.9,201.5,104.6,0.1157
609,-1,298.6,413.8,51.2,49.0,0.7352
609,-1,218.4,223.9,68.5,66.4,0.4018
609,-1,77.5,12.5,116.9,69.5,0.3145
610,-1,300.3,414.1,53.0,49.7,0.7770
610,-1,217.4,213.1,73.2,73.1,0.3721
610,-1,117.8,11.9,60.4,41.5,0.2222
610,-1,101.0,17.7,80.1,47.5,0.1790
610,-1,219.5,216.8,49.5,63.6,0.1719
611,-1,302.3,413.8,53.4,50.6,0.7588
611,-1,214.9,207.5,77.2,74.3,0.4099
611,-1,218.4,210.8,48.0,61.0,0.1177
612,-1,304.7,413.9,53.1,50.4,0.7563
612,-1,213.5,198.7,79.4,77.0,0.2964
613,-1,306.2,413.4,54.4,51.2,0.7800
613,-1,210.8,191.1,82.1,79.5,0.3487
613,-1,212.8,196.1,53.2,68.1,0.1001
614,-1,309.0,414.2,56.3,52.4,0.7192
614,-1,212.9,187.0,47.9,39.9,0.2156
614,-1,211.4,186.0,74.2,78.8,0.2135
615,-1,311.1,414.4,56.4,52.9,0.7327
615,-1,206.4,174.2,77.5,82.6,0.5607
615,-1,207.9,177.2,52.0,42.9,0.1668
616,-1,311.2,413.7,57.6,53.6,0.7511
616,-1,200.6,163.2,82.1,84.0,0.6245
616,-1,205.1,165.2,51.1,46.1,0.2022
617,-1,311.3,411.4,61.2,53.3,0.7285
617,-1,194.5,149.3,86.2,88.7,0.5343
617,-1,196.9,152.5,53.7,47.2,0.2032
617,-1,194.6,153.6,58.5,73.3,0.1122
618,-1,312.4,408.7,57.2,51.9,0.7220
618,-1,184.6,132.3,90.4,91.4,0.6517
618,-1,187.0,136.2,55.0,46.9,0.2296
619,-1,298.8,394.3,63.3,55.4,0.7252
619,-1,177.7,113.4,54.0,52.2,0.4456
619,-1,171.5,108.8,94.6,99.5,0.3241
620,-1,293.7,393.1,67.1,55.1,0.6902
620,-1,171.5,101.0,57.2,56.4,0.4220
620,-1,164.9,96.9,83.2,100.8,0.1820
621,-1,298.9,401.1,70.7,61.6,0.6168
621,-1,174.7,98.6,58.2,60.9,0.5588
621,-1,165.5,95.1,80.4,102.2,0.1193
622,-1,297.7,400.8,67.8,58.7,0.6813
622,-1,163.7,75.1,60.0,65.7,0.5801
622,-1,145.6,66.8,119.0,119.0,0.2758
623,-1,150.5,59.2,60.2,69.1,0.6351
623,-1,294.4,393.0,70.9,62.1,0.6163
623,-1,130.5,46.8,124.6,127.2,0.4605
623,-1,248.6,8.0,257.5,178.1,0.2116
623,-1,88.7,5.6,210.8,283.0,0.1351
