1,-1,208.4,181.7,116.9,154.7,0.5336
1,-1,115.2,6.8,331.8,390.2,0.1194
2,-1,209.0,180.9,119.1,156.1,0.5459
2,-1,112.2,5.7,339.2,391.4,0.1245
3,-1,210.3,180.6,120.6,156.7,0.5626
3,-1,109.3,5.3,343.9,392.3,0.1278
4,-1,212.2,183.0,119.8,152.8,0.5879
4,-1,107.4,5.2,346.3,392.8,0.1175
5,-1,214.0,188.4,118.6,148.1,0.5707
5,-1,105.7,4.8,350.0,393.3,0.1051
6,-1,216.3,194.3,117.0,144.5,0.4938
7,-1,213.9,185.1,128.2,164.7,0.4178
7,-1,229.6,203.1,101.0,121.4,0.1049
8,-1,218.4,189.8,123.6,158.4,0.5055
9,-1,220.6,195.6,121.5,153.7,0.5869
10,-1,217.3,194.7,131.5,164.4,0.5028
11,-1,220.9,200.4,127.2,162.0,0.5298
12,-1,223.6,209.4,122.8,155.5,0.5435
13,-1,219.2,208.7,132.1,166.0,0.5101
14,-1,221.7,217.0,127.5,162.6,0.5047
15,-1,215.9,216.9,136.8,171.5,0.4880
16,-1,217.9,225.0,132.4,167.5,0.4987
16,-1,219.8,255.5,52.0,117.6,0.1157
16,-1,271.4,244.2,68.2,109.4,0.1028
17,-1,212.1,224.7,143.1,175.3,0.4462
18,-1,212.7,229.6,140.7,174.4,0.4381
18,-1,217.5,263.3,52.6,115.7,0.1219
19,-1,216.0,234.5,132.1,177.6,0.4170
19,-1,269.4,256.2,69.2,109.4,0.1173
19,-1,215.6,265.8,54.7,121.4,0.1004
20,-1,215.9,242.8,129.8,170.8,0.4164
20,-1,214.6,269.8,51.9,115.8,0.1180
21,-1,207.9,239.1,139.1,182.2,0.3981
21,-1,265.5,261.9,71.4,111.3,0.1017
22,-1,207.8,241.1,137.6,182.4,0.4006
22,-1,213.6,276.2,50.0,113.8,0.1164
22,-1,264.5,263.4,72.2,109.7,0.1121
23,-1,206.8,241.8,138.4,183.0,0.3649
23,-1,263.7,264.5,72.3,108.4,0.1089
24,-1,206.0,241.9,138.7,181.8,0.3488
24,-1,263.5,264.3,72.4,108.1,0.1141
25,-1,202.2,240.9,141.7,182.2,0.3212
25,-1,206.4,276.6,53.5,115.1,0.1458
25,-1,269.2,267.7,65.1,100.0,0.1074
26,-1,201.1,239.2,144.7,183.2,0.3023
26,-1,205.9,275.7,55.4,116.2,0.1497
26,-1,262.0,261.6,74.0,112.0,0.1109
27,-1,206.9,240.4,129.5,173.4,0.2969
27,-1,206.4,271.5,54.1,112.7,0.1179
27,-1,183.7,226.5,179.5,209.3,0.1177
28,-1,204.6,232.1,132.1,178.5,0.3162
28,-1,270.4,258.0,66.2,94.5,0.1768
28,-1,202.7,266.0,55.3,121.4,0.1444
28,-1,179.6,209.9,186.3,229.9,0.1234
29,-1,202.3,227.7,138.2,180.1,0.2784
29,-1,270.6,250.2,68.7,99.9,0.1553
29,-1,175.4,196.8,194.6,247.0,0.1302
29,-1,205.8,262.6,56.9,116.1,0.1231
30,-1,205.2,221.0,141.0,177.5,0.2826
30,-1,274.5,246.6,65.5,95.2,0.1596
30,-1,170.7,189.4,204.6,258.5,0.1218
30,-1,206.1,255.5,57.5,116.4,0.1174
31,-1,203.6,215.0,144.3,179.1,0.3430
31,-1,271.9,237.8,70.4,99.6,0.2635
31,-1,206.6,250.1,56.9,115.6,0.1433
32,-1,209.6,207.8,138.1,178.7,0.3165
32,-1,275.9,234.9,67.1,93.8,0.2525
32,-1,207.7,241.7,56.1,118.2,0.1397
32,-1,186.3,187.8,184.4,230.9,0.1202
33,-1,207.7,203.5,142.9,178.4,0.3589
33,-1,275.1,225.4,71.9,99.3,0.2660
33,-1,211.4,235.9,58.2,118.2,0.1130
33,-1,183.7,169.0,194.1,255.4,0.1057
34,-1,279.0,220.8,70.3,95.0,0.3012
34,-1,212.5,195.3,136.0,180.2,0.2986
34,-1,212.1,228.8,57.6,117.8,0.1503
35,-1,279.9,213.5,73.1,98.1,0.3167
35,-1,212.5,191.3,136.1,179.7,0.2877
35,-1,212.6,224.7,57.0,116.3,0.1677
36,-1,282.5,210.3,72.5,97.4,0.3713
36,-1,211.1,192.1,139.1,175.4,0.3105
36,-1,213.6,220.0,56.1,113.2,0.1814
36,-1,195.1,164.3,182.3,225.9,0.1039
37,-1,284.8,204.2,71.4,99.0,0.3802
37,-1,210.8,178.3,148.9,184.2,0.2008
37,-1,194.3,151.4,195.3,242.9,0.1354
37,-1,213.8,215.1,58.0,121.4,0.1228
38,-1,284.6,200.3,74.5,100.0,0.5032
38,-1,211.5,175.9,148.7,183.6,0.2092
38,-1,193.1,140.3,200.9,259.1,0.1287
39,-1,285.2,196.5,77.1,100.4,0.4513
39,-1,211.3,176.3,149.9,180.1,0.2210
39,-1,191.7,135.2,208.4,267.9,0.1218
40,-1,287.2,191.7,76.0,100.5,0.3928
40,-1,211.2,177.5,149.5,175.7,0.1643
40,-1,190.7,135.7,214.2,270.2,0.1161
40,-1,218.1,205.4,58.0,115.3,0.1068
41,-1,286.7,189.5,78.4,102.9,0.4171
41,-1,214.8,165.4,147.2,186.1,0.1536
41,-1,190.0,136.6,219.6,270.7,0.1172
42,-1,286.2,187.4,80.1,103.9,0.4450
42,-1,213.3,164.5,149.0,186.7,0.1475
42,-1,189.2,133.3,229.0,276.7,0.1060
43,-1,286.0,186.3,80.8,104.6,0.4465
43,-1,204.1,147.2,188.3,219.8,0.1613
43,-1,215.5,175.1,132.4,177.8,0.1135
44,-1,285.4,185.7,81.6,105.5,0.4591
44,-1,202.5,144.9,191.0,221.8,0.1741
44,-1,187.8,129.5,250.1,284.9,0.1052
44,-1,213.8,172.9,132.9,180.1,0.1042
44,-1,213.1,199.6,60.4,117.6,0.1004
45,-1,284.8,185.4,81.9,106.3,0.4616
45,-1,199.8,145.0,193.7,222.0,0.2001
45,-1,212.2,198.3,60.5,118.5,0.1459
45,-1,187.1,130.5,263.6,286.7,0.1132
46,-1,284.1,184.6,82.0,106.9,0.4683
46,-1,196.1,144.6,197.9,224.0,0.2383
46,-1,214.3,201.0,57.4,119.8,0.1313
46,-1,186.6,131.7,273.8,287.9,0.1183
46,-1,209.9,175.2,136.0,177.8,0.1138
47,-1,282.4,181.0,85.1,112.7,0.4975
47,-1,193.0,144.2,201.8,226.6,0.2495
47,-1,212.8,201.0,57.2,119.2,0.1655
47,-1,185.8,130.8,288.6,293.8,0.1190
48,-1,283.1,184.4,80.9,106.2,0.4978
48,-1,191.1,144.1,203.0,227.3,0.2464
48,-1,210.8,202.2,56.9,117.1,0.1950
48,-1,185.0,130.3,298.3,296.5,0.1145
49,-1,283.6,185.1,79.3,105.4,0.5000
49,-1,189.6,144.6,203.4,228.2,0.2532
49,-1,208.5,202.0,58.1,119.5,0.1726
49,-1,184.8,131.1,303.5,295.1,0.1286
50,-1,280.7,183.2,83.7,110.2,0.4768
50,-1,188.5,146.3,202.9,227.7,0.2647
50,-1,184.3,133.0,305.8,292.0,0.1471
50,-1,206.6,202.2,57.7,117.7,0.1053
51,-1,274.5,178.6,91.7,117.1,0.4755
51,-1,187.2,143.0,204.0,231.4,0.2637
51,-1,173.9,135.9,315.1,273.5,0.1670
51,-1,204.7,201.6,57.7,113.3,0.1293
52,-1,276.8,180.1,86.7,112.6,0.4539
52,-1,185.2,139.1,206.6,236.6,0.2666
52,-1,172.9,134.7,317.0,273.4,0.1761
52,-1,201.4,198.9,60.3,124.5,0.1749
53,-1,271.7,173.8,93.4,120.0,0.5261
53,-1,182.6,133.8,210.2,242.4,0.2602
53,-1,200.0,198.1,60.9,121.7,0.1809
53,-1,170.3,130.8,323.2,277.6,0.1644
54,-1,271.0,171.3,93.5,121.0,0.5232
54,-1,178.7,132.2,223.3,246.3,0.2701
54,-1,197.5,198.1,60.2,121.8,0.2452
54,-1,167.2,127.4,331.1,283.3,0.1465
55,-1,269.4,170.2,93.1,119.6,0.6244
55,-1,195.0,197.6,59.2,121.7,0.2933
55,-1,177.1,132.4,231.5,247.0,0.2579
56,-1,266.8,169.6,95.1,120.7,0.5924
56,-1,192.5,196.5,60.6,120.9,0.2956
56,-1,174.5,132.0,236.8,247.0,0.2331
57,-1,265.8,167.7,96.6,121.6,0.5879
57,-1,171.7,138.7,215.8,225.2,0.2267
57,-1,190.1,194.7,61.5,119.4,0.2182
58,-1,265.5,166.2,98.0,123.0,0.5599
58,-1,187.6,186.8,63.1,124.1,0.2688
58,-1,168.3,134.6,222.5,230.0,0.2529
59,-1,263.9,163.5,100.9,124.1,0.5372
59,-1,186.6,185.6,64.0,123.1,0.3294
59,-1,166.4,127.3,233.1,238.3,0.2528
60,-1,262.5,159.6,103.0,127.1,0.5352
60,-1,185.1,184.7,65.0,123.9,0.3540
60,-1,164.7,121.2,246.7,246.0,0.2629
61,-1,262.3,157.3,104.9,129.8,0.5435
61,-1,182.9,183.1,66.5,123.3,0.4628
61,-1,163.5,120.1,259.3,249.0,0.2965
62,-1,261.9,155.5,106.5,131.3,0.5563
62,-1,181.6,181.9,66.5,122.3,0.4961
62,-1,162.3,116.3,275.6,255.0,0.2470
62,-1,289.7,165.4,67.1,114.4,0.1001
63,-1,261.2,151.1,107.5,135.1,0.5832
63,-1,180.8,180.1,67.1,123.5,0.4944
63,-1,158.7,120.0,262.7,256.7,0.2359
63,-1,289.3,163.1,67.7,115.9,0.1488
64,-1,261.3,147.4,110.3,139.2,0.5582
64,-1,179.0,177.0,69.2,125.1,0.5199
64,-1,157.2,119.6,272.2,257.5,0.2571
64,-1,289.7,162.4,70.0,117.0,0.1648
65,-1,267.2,150.0,102.9,132.7,0.5418
65,-1,180.3,175.1,67.0,117.7,0.5369
65,-1,156.6,117.9,277.6,259.4,0.2700
65,-1,169.7,167.1,82.5,176.5,0.1026
66,-1,179.4,172.7,68.3,118.0,0.5583
66,-1,268.1,146.4,104.6,135.9,0.5031
66,-1,294.9,159.8,70.8,119.4,0.3382
66,-1,156.2,113.8,283.5,263.1,0.2777
67,-1,177.5,170.5,69.7,120.0,0.5513
67,-1,263.7,144.1,111.4,142.9,0.4877
67,-1,294.8,156.5,71.8,121.9,0.3621
67,-1,154.9,99.8,290.3,280.5,0.2312
68,-1,176.2,169.1,69.9,122.1,0.5389
68,-1,262.6,140.9,113.3,145.2,0.4949
68,-1,293.8,152.6,73.0,125.0,0.3310
68,-1,153.5,91.0,297.5,293.6,0.2284
69,-1,173.9,166.5,71.1,124.7,0.5450
69,-1,261.7,138.0,115.3,147.8,0.5124
69,-1,292.4,150.4,75.2,126.8,0.3492
69,-1,151.3,89.2,304.2,299.0,0.2411
70,-1,169.1,162.5,75.3,134.3,0.5528
70,-1,261.3,136.0,116.4,150.9,0.5028
70,-1,292.1,149.5,75.9,128.0,0.3642
70,-1,149.6,88.9,309.2,303.4,0.2540
71,-1,166.6,161.5,76.2,134.1,0.5658
71,-1,259.9,133.7,118.0,152.3,0.5222
71,-1,292.3,147.9,75.9,129.2,0.3416
71,-1,147.7,87.8,314.0,310.3,0.2432
72,-1,163.0,158.9,79.3,136.5,0.5654
72,-1,259.1,132.6,119.5,155.3,0.5445
72,-1,293.0,147.8,75.8,130.1,0.3323
72,-1,140.2,85.9,322.8,301.8,0.2476
73,-1,159.7,155.8,82.4,141.1,0.5748
73,-1,258.0,130.7,119.8,156.9,0.5254
73,-1,293.7,147.4,74.2,130.4,0.3171
73,-1,136.1,82.6,327.3,308.7,0.2095
74,-1,155.9,153.5,84.5,145.4,0.5649
74,-1,257.3,129.0,120.8,158.4,0.5190
74,-1,286.4,145.0,83.2,132.6,0.3849
74,-1,134.3,82.5,328.2,309.8,0.2010
75,-1,151.4,152.5,85.9,144.1,0.6122
75,-1,255.7,128.8,120.9,156.7,0.5035
75,-1,285.5,144.1,82.3,133.2,0.4056
75,-1,134.6,83.5,322.4,308.2,0.1818
76,-1,146.7,149.6,88.9,148.3,0.6078
76,-1,248.3,121.5,126.5,170.7,0.4581
76,-1,286.1,143.4,80.1,133.3,0.4391
76,-1,129.4,84.4,326.3,306.8,0.1311
77,-1,143.2,146.6,89.5,150.6,0.6240
77,-1,247.1,120.2,127.3,172.8,0.4581
77,-1,285.4,142.5,79.9,134.4,0.4442
77,-1,115.6,79.0,371.9,384.0,0.1131
78,-1,137.6,145.0,92.7,153.0,0.5980
78,-1,245.1,119.1,128.4,172.6,0.4830
78,-1,285.2,140.9,79.0,135.4,0.4147
79,-1,133.3,143.4,95.1,155.1,0.5703
79,-1,244.2,118.2,128.8,173.9,0.4802
79,-1,285.1,140.5,78.5,136.4,0.3638
80,-1,127.8,140.5,98.7,159.9,0.5756
80,-1,242.2,117.2,128.1,172.4,0.4930
80,-1,283.2,137.8,78.0,138.8,0.2920
81,-1,122.6,141.7,98.0,161.4,0.5426
81,-1,238.7,117.4,129.5,170.0,0.4182
81,-1,273.3,129.5,88.9,148.2,0.2457
82,-1,117.1,136.9,100.6,167.7,0.5126
82,-1,248.0,125.5,114.3,153.0,0.4133
82,-1,283.3,141.4,70.1,135.4,0.1722
83,-1,110.3,137.7,103.3,170.9,0.4762
83,-1,232.4,117.4,126.9,176.5,0.4552
83,-1,270.8,134.4,81.9,139.8,0.3403
84,-1,106.2,138.6,101.2,170.6,0.4132
84,-1,229.3,117.2,128.2,175.7,0.4019
84,-1,271.7,134.2,78.2,139.9,0.2670
85,-1,98.4,135.0,105.8,177.4,0.4149
85,-1,219.7,112.7,136.8,177.0,0.3726
85,-1,259.0,129.5,92.1,147.3,0.3288
86,-1,219.0,114.2,131.7,182.4,0.4003
86,-1,92.2,134.3,108.3,177.8,0.3870
86,-1,258.5,130.1,86.6,147.1,0.3363
87,-1,243.7,124.1,102.6,155.8,0.3807
87,-1,84.5,132.7,110.1,181.6,0.3479
87,-1,271.2,139.3,67.5,139.0,0.1061
88,-1,76.3,130.5,115.3,188.0,0.3401
88,-1,206.1,110.6,140.6,184.4,0.3253
88,-1,245.2,125.9,97.2,153.2,0.3001
89,-1,68.7,129.5,118.5,187.1,0.3314
89,-1,203.0,110.6,140.5,184.0,0.3270
89,-1,246.3,127.3,91.7,152.2,0.2791
90,-1,61.3,126.9,119.0,187.5,0.3131
90,-1,231.3,116.5,106.9,166.4,0.2994
90,-1,260.6,134.9,69.7,144.1,0.1564
91,-1,54.9,126.8,124.1,190.3,0.3173
91,-1,233.8,117.1,102.5,165.9,0.3010
91,-1,260.3,135.6,68.1,144.2,0.1219
92,-1,199.9,118.4,142.2,173.7,0.3098
92,-1,250.2,131.5,78.9,148.1,0.2881
92,-1,48.9,125.7,127.6,191.8,0.2827
93,-1,198.4,117.7,143.6,174.7,0.3250
93,-1,27.5,126.8,146.4,192.0,0.2853
93,-1,251.0,131.3,78.4,149.1,0.2620
94,-1,196.2,117.4,145.6,175.9,0.3487
94,-1,25.9,128.2,143.5,189.0,0.3405
94,-1,252.1,131.4,76.7,151.4,0.2699
95,-1,21.8,130.2,144.5,187.7,0.3900
95,-1,195.0,116.2,147.0,177.5,0.3464
95,-1,252.1,131.2,77.0,152.2,0.2811
96,-1,18.6,129.2,146.5,188.8,0.4449
96,-1,197.0,116.4,146.4,177.8,0.3635
96,-1,252.4,130.4,79.4,154.3,0.2888
97,-1,17.4,130.0,147.1,188.8,0.4796
97,-1,199.6,116.6,145.7,179.4,0.3635
97,-1,253.8,130.8,80.9,155.0,0.3170
98,-1,17.0,130.2,148.6,189.4,0.5006
98,-1,203.3,115.9,145.7,181.1,0.3301
98,-1,261.6,137.2,75.0,151.6,0.2614
99,-1,16.7,130.0,150.8,190.9,0.5085
99,-1,206.7,114.3,146.8,184.2,0.3134
99,-1,263.7,136.1,76.4,152.9,0.2921
100,-1,16.2,131.1,152.6,192.3,0.5219
100,-1,209.8,113.1,148.3,187.2,0.3329
100,-1,265.4,133.8,79.4,157.7,0.3040
101,-1,16.1,129.7,155.2,193.9,0.5135
101,-1,211.7,112.8,150.6,189.6,0.3424
101,-1,266.4,131.6,87.8,162.8,0.2015
102,-1,16.9,131.5,156.6,193.8,0.5108
102,-1,209.4,113.0,156.3,192.1,0.3715
102,-1,274.4,136.0,78.8,157.7,0.2687
103,-1,17.9,130.5,159.3,195.8,0.5177
103,-1,213.6,113.1,157.0,192.3,0.3639
103,-1,279.1,134.9,76.7,163.0,0.2386
104,-1,17.8,130.4,162.2,198.7,0.5300
104,-1,219.1,112.1,158.6,195.9,0.3330
104,-1,287.2,137.5,74.9,162.5,0.2205
105,-1,25.0,131.4,158.1,202.2,0.5468
105,-1,226.2,109.0,158.9,201.0,0.2996
105,-1,289.4,137.1,78.2,164.4,0.2196
106,-1,26.8,130.7,158.0,200.1,0.5741
106,-1,231.7,107.4,160.6,211.4,0.2734
106,-1,298.1,139.7,78.2,167.5,0.2212
107,-1,28.7,131.1,158.8,199.0,0.5816
107,-1,235.4,110.9,162.8,208.7,0.3268
107,-1,300.5,138.7,81.7,169.2,0.2220
108,-1,29.0,132.5,161.2,202.2,0.5770
108,-1,238.2,110.5,167.0,214.8,0.3126
108,-1,302.6,138.5,91.0,174.1,0.1381
109,-1,29.3,132.2,164.2,205.5,0.5634
109,-1,242.7,107.6,169.2,214.1,0.2920
109,-1,326.8,150.1,62.2,97.8,0.1211
110,-1,29.5,131.9,167.0,208.2,0.5637
110,-1,247.8,106.7,171.4,222.3,0.2582
110,-1,334.5,152.8,61.3,91.0,0.1117
111,-1,29.4,131.5,169.1,210.2,0.5637
111,-1,240.3,104.6,183.1,228.2,0.1988
111,-1,336.3,151.0,66.1,99.4,0.1766
112,-1,29.6,133.8,171.0,212.6,0.5664
112,-1,259.9,112.2,168.2,215.0,0.1926
112,-1,339.1,148.4,68.7,101.5,0.1456
112,-1,233.9,51.4,204.6,304.2,0.1426
113,-1,29.0,136.6,172.4,213.5,0.5643
113,-1,262.1,111.8,174.0,217.0,0.2141
113,-1,347.4,156.5,67.9,93.2,0.1515
113,-1,233.7,34.2,216.3,341.8,0.1171
114,-1,28.6,138.6,174.3,214.6,0.5570
114,-1,261.4,110.5,180.3,225.4,0.2134
114,-1,349.7,153.8,69.3,98.1,0.1679
114,-1,311.2,122.5,121.7,175.0,0.1053
115,-1,28.1,139.9,176.0,216.0,0.5547
115,-1,268.3,110.2,182.8,238.8,0.2330
115,-1,355.0,158.1,72.7,101.2,0.1129
116,-1,24.6,143.1,180.8,217.0,0.5629
116,-1,360.6,165.0,71.9,95.8,0.2597
116,-1,272.6,113.8,188.5,242.5,0.1964
116,-1,320.8,129.2,129.3,178.9,0.1017
117,-1,23.4,144.2,182.2,218.4,0.5718
117,-1,273.4,113.4,198.6,251.2,0.2150
117,-1,363.3,169.3,77.7,99.2,0.1444
118,-1,23.1,146.8,183.4,222.7,0.5823
118,-1,265.1,112.9,215.3,268.0,0.2377
118,-1,369.6,170.3,80.0,96.6,0.1368
119,-1,22.6,147.8,185.0,225.3,0.5807
119,-1,264.2,112.2,221.1,274.8,0.2485
119,-1,373.3,170.4,83.3,100.6,0.1378
120,-1,21.6,148.9,186.7,229.7,0.5767
120,-1,263.4,111.8,230.2,280.9,0.2463
120,-1,378.1,172.1,84.2,99.3,0.2181
121,-1,20.3,149.9,189.8,234.1,0.5616
121,-1,290.8,115.8,208.0,249.9,0.2732
121,-1,249.0,90.7,256.1,339.0,0.1709
121,-1,377.7,166.4,97.7,110.7,0.1544
122,-1,19.5,151.4,192.0,238.1,0.5499
122,-1,290.4,106.0,213.8,265.7,0.3367
122,-1,388.0,170.5,88.5,101.9,0.2222
122,-1,248.5,77.6,259.3,369.6,0.2088
122,-1,378.2,161.6,104.0,165.5,0.1299
123,-1,18.2,151.5,195.1,242.9,0.5364
123,-1,289.9,102.0,216.7,276.8,0.3626
123,-1,248.5,69.6,261.1,384.1,0.2239
123,-1,388.9,168.8,95.5,102.2,0.2084
123,-1,378.6,156.8,110.8,169.7,0.1278
123,-1,434.4,191.3,44.5,41.9,0.1277
124,-1,16.9,151.3,198.7,245.8,0.5307
124,-1,289.9,101.0,218.0,278.2,0.3792
124,-1,392.1,165.3,99.3,108.3,0.3100
124,-1,439.6,194.1,46.6,41.3,0.2755
124,-1,249.4,65.0,261.8,393.8,0.2298
125,-1,7.9,148.9,209.6,251.0,0.5376
125,-1,303.6,102.5,208.4,269.5,0.4194
125,-1,399.1,167.4,97.4,104.8,0.3382
125,-1,442.8,194.8,49.3,42.9,0.2905
125,-1,250.9,56.2,260.9,403.7,0.2345
126,-1,7.5,147.0,210.9,249.2,0.5575
126,-1,301.2,102.3,210.8,285.2,0.4490
126,-1,447.9,200.2,50.2,42.5,0.4167
126,-1,406.6,173.0,100.9,104.6,0.3084
126,-1,251.3,49.4,260.3,412.2,0.2033
127,-1,6.3,148.6,213.0,250.3,0.5708
127,-1,452.7,198.2,46.0,40.7,0.4064
127,-1,404.2,167.1,107.8,108.2,0.3744
127,-1,296.3,100.3,215.7,293.4,0.3546
127,-1,252.1,51.0,259.3,415.9,0.1666
128,-1,4.1,148.8,216.1,250.3,0.5915
128,-1,408.4,168.4,103.6,110.3,0.4456
128,-1,455.2,198.3,44.6,41.5,0.4052
128,-1,297.3,100.1,214.7,291.6,0.1910
128,-1,252.3,53.1,259.1,416.8,0.1466
129,-1,0.7,149.0,220.0,250.8,0.6065
129,-1,455.7,199.5,46.1,39.8,0.4445
129,-1,406.8,166.8,105.2,112.2,0.4366
129,-1,298.2,99.3,213.8,289.1,0.1725
129,-1,252.3,49.3,259.3,423.8,0.1207
130,-1,0.0,149.5,220.1,251.8,0.6024
130,-1,456.1,196.6,49.1,41.9,0.4555
130,-1,405.8,166.3,106.2,112.0,0.4215
130,-1,298.2,98.1,213.8,288.9,0.1915
130,-1,5.1,176.0,87.2,172.8,0.1174
130,-1,252.1,44.2,259.6,429.5,0.1090
131,-1,0.0,148.3,219.7,255.1,0.5900
131,-1,407.1,167.5,104.9,114.1,0.4421
131,-1,457.5,199.4,48.7,43.0,0.4136
131,-1,298.0,97.6,214.0,294.6,0.2118
131,-1,252.2,42.1,259.4,430.3,0.1075
132,-1,0.0,146.5,219.0,258.3,0.5998
132,-1,459.1,199.4,50.8,44.2,0.4455
132,-1,408.0,167.4,104.0,114.7,0.3947
132,-1,297.7,95.8,214.3,299.2,0.1943
132,-1,252.0,38.5,259.8,432.8,0.1058
133,-1,0.0,139.6,217.3,261.4,0.6152
133,-1,460.6,201.3,50.4,42.8,0.4387
133,-1,409.5,168.7,102.5,114.4,0.3418
133,-1,298.2,93.9,213.8,304.7,0.1621
133,-1,251.3,34.7,260.7,436.3,0.1015
134,-1,0.0,124.9,215.7,276.7,0.6149
134,-1,462.2,205.8,48.9,41.6,0.4776
134,-1,411.9,172.1,100.1,113.3,0.3527
134,-1,299.3,92.5,212.7,310.5,0.1359
135,-1,0.0,122.4,215.6,278.1,0.5880
135,-1,465.6,204.6,45.9,42.0,0.4428
135,-1,415.6,170.1,96.4,115.7,0.3376
135,-1,303.1,84.8,208.9,319.5,0.1055
136,-1,0.0,119.8,217.5,280.8,0.5196
136,-1,467.0,200.3,44.6,45.7,0.4638
136,-1,417.7,168.9,94.3,117.4,0.3842
136,-1,281.6,48.2,230.4,366.1,0.1045
137,-1,0.0,109.8,222.4,283.6,0.4044
137,-1,469.7,198.1,42.3,45.1,0.3939
137,-1,419.4,164.9,92.6,120.3,0.3663
137,-1,278.1,42.5,233.9,373.6,0.1026
138,-1,0.0,81.7,221.2,317.7,0.3911
138,-1,472.7,194.2,39.3,47.1,0.2235
138,-1,423.6,162.3,88.4,124.2,0.2176
138,-1,445.8,173.3,65.6,100.6,0.1338
138,-1,278.4,23.2,233.6,366.3,0.1106
139,-1,0.0,61.8,223.2,343.0,0.3419
139,-1,428.6,160.6,83.3,128.0,0.1652
139,-1,451.1,169.4,60.3,101.3,0.1383
139,-1,276.5,21.9,235.5,368.9,0.1330
139,-1,477.3,190.1,34.6,51.2,0.1096
140,-1,0.0,42.0,229.4,353.7,0.2882
140,-1,446.4,166.9,65.2,106.8,0.2411
140,-1,425.4,155.0,86.3,137.0,0.1643
140,-1,275.6,20.3,236.4,371.7,0.1285
140,-1,473.4,171.6,38.6,93.8,0.1109
141,-1,0.0,27.8,230.8,368.9,0.3005
141,-1,449.2,167.1,62.4,111.1,0.2682
141,-1,274.7,18.8,237.3,374.2,0.1420
141,-1,384.4,115.7,127.4,196.9,0.1189
141,-1,427.3,149.7,84.6,155.5,0.1029
142,-1,453.1,167.0,58.5,110.3,0.3400
142,-1,0.0,14.1,235.3,369.4,0.2796
142,-1,274.1,18.2,237.9,374.7,0.1679
143,-1,0.0,13.8,235.3,369.9,0.3076
143,-1,454.0,166.9,57.5,106.9,0.2997
143,-1,273.5,16.6,238.5,375.8,0.1611
143,-1,376.8,101.0,135.1,242.6,0.1075
144,-1,0.0,12.0,236.3,373.2,0.3084
144,-1,455.7,165.0,56.1,110.9,0.2698
144,-1,261.7,12.6,250.3,378.9,0.1901
144,-1,381.6,99.0,130.2,240.6,0.1244
144,-1,412.7,132.9,99.3,186.2,0.1113
145,-1,0.0,12.2,234.6,372.3,0.3038
145,-1,457.7,163.0,54.1,117.6,0.2881
145,-1,261.4,12.8,250.6,376.9,0.2356
145,-1,384.4,96.6,127.5,239.3,0.1268
146,-1,0.8,11.9,230.7,370.1,0.3083
146,-1,452.6,158.1,59.2,122.8,0.3039
146,-1,259.3,12.6,252.7,376.9,0.2428
146,-1,385.6,92.8,126.3,236.9,0.1177
147,-1,453.0,158.5,59.0,111.7,0.3380
147,-1,1.0,12.7,224.6,364.8,0.2749
147,-1,255.2,12.5,256.8,376.3,0.2192
147,-1,386.3,98.7,125.6,210.6,0.1485
148,-1,453.5,155.1,58.0,108.9,0.3686
148,-1,0.0,9.8,209.7,384.6,0.1936
148,-1,383.6,106.9,128.2,189.5,0.1836
148,-1,251.5,12.2,260.5,378.3,0.1542
149,-1,438.9,140.6,72.8,124.5,0.4269
149,-1,0.0,29.2,202.6,354.0,0.2395
149,-1,380.5,104.5,131.5,186.9,0.1703
149,-1,461.3,148.5,50.7,102.1,0.1215
150,-1,423.8,131.3,88.1,137.7,0.4896
150,-1,0.0,41.2,188.2,333.0,0.1688
150,-1,373.3,107.0,138.7,183.7,0.1450
151,-1,409.6,121.1,102.4,147.9,0.4364
151,-1,436.3,155.4,75.2,96.9,0.2000
151,-1,364.6,93.5,147.4,204.9,0.1679
151,-1,0.1,40.2,173.4,301.4,0.1510
152,-1,438.0,171.1,50.7,44.3,0.3051
152,-1,405.2,131.9,106.8,130.2,0.2486
152,-1,0.0,72.3,150.6,306.2,0.1681
153,-1,415.8,170.1,54.2,47.1,0.3423
153,-1,5.7,103.9,105.9,206.6,0.1272
154,-1,395.9,170.7,52.7,47.4,0.3946
154,-1,366.1,131.2,122.1,129.3,0.1892
155,-1,371.3,172.0,55.0,47.9,0.2566
156,-1,349.5,174.2,54.2,47.4,0.2620
156,-1,326.7,136.4,112.4,122.6,0.1721
157,-1,328.8,178.3,51.8,48.1,0.2961
157,-1,306.6,141.9,110.6,125.3,0.2601
158,-1,221.5,65.9,290.5,288.3,0.2214
158,-1,306.1,181.4,52.5,50.2,0.2076
158,-1,284.5,145.0,109.2,124.2,0.1982
159,-1,218.3,84.8,293.1,279.1,0.2617
159,-1,282.8,183.2,55.9,49.5,0.2397
159,-1,262.9,146.7,108.3,125.7,0.1007
160,-1,161.8,91.4,350.2,299.1,0.3393
160,-1,234.2,91.2,272.2,228.0,0.2646
160,-1,258.0,181.1,63.4,54.6,0.1783
160,-1,244.6,147.9,107.0,126.7,0.1731
161,-1,173.8,96.7,324.6,250.3,0.2873
161,-1,238.8,185.6,63.8,54.6,0.2178
161,-1,224.9,149.4,107.7,123.9,0.1419
162,-1,138.1,96.4,349.0,270.8,0.2576
162,-1,208.2,154.2,108.2,124.1,0.1959
162,-1,225.0,188.9,58.7,52.5,0.1763
163,-1,152.5,99.5,317.2,246.4,0.2560
163,-1,216.2,193.8,52.0,47.1,0.2368
163,-1,194.3,155.6,109.8,126.4,0.2138
163,-1,97.1,91.4,414.9,342.1,0.1248
164,-1,205.7,196.6,52.1,48.7,0.2549
164,-1,168.2,101.5,288.6,234.3,0.2368
164,-1,95.3,94.3,391.8,334.8,0.1696
164,-1,182.7,155.9,113.1,125.4,0.1181
165,-1,196.9,199.3,52.7,48.1,0.3207
165,-1,112.6,98.6,346.8,273.0,0.2552
165,-1,173.5,157.5,114.6,127.8,0.1905
166,-1,190.0,203.1,54.2,49.1,0.2743
166,-1,126.5,101.2,324.0,256.3,0.2710
166,-1,166.5,161.2,116.3,131.9,0.1692
167,-1,186.2,206.5,52.0,47.3,0.3002
167,-1,134.8,102.9,312.7,260.3,0.2457
167,-1,161.2,165.8,117.5,132.2,0.2375
168,-1,182.8,210.1,53.8,49.0,0.2815
168,-1,138.9,104.1,308.3,255.9,0.2272
168,-1,156.8,167.8,118.6,129.2,0.1944
169,-1,182.5,216.0,51.4,48.6,0.2861
169,-1,138.7,104.5,310.0,260.5,0.2128
169,-1,158.1,172.6,113.9,127.9,0.1597
169,-1,66.4,95.1,434.3,344.0,0.1042
170,-1,181.8,221.9,51.2,49.0,0.3404
170,-1,137.2,105.2,315.0,254.4,0.1978
170,-1,155.7,178.0,116.4,128.3,0.1252
171,-1,181.4,225.0,52.7,48.9,0.2598
171,-1,110.4,108.2,350.5,288.3,0.1897
171,-1,157.6,180.9,113.8,126.4,0.1174
172,-1,182.9,229.5,51.1,49.0,0.3163
172,-1,167.0,116.6,292.5,239.8,0.2022
172,-1,157.8,184.6,116.0,132.5,0.1977
172,-1,99.3,113.2,379.3,332.1,0.1032
173,-1,183.4,233.8,53.5,48.9,0.3457
173,-1,161.7,117.9,305.1,246.5,0.2463
173,-1,157.1,189.6,119.1,132.9,0.1927
174,-1,183.8,238.3,54.3,50.3,0.3340
174,-1,156.0,119.1,320.2,253.4,0.2703
174,-1,159.9,193.6,117.8,129.6,0.1831
175,-1,186.1,242.7,52.5,49.0,0.3850
175,-1,201.2,123.8,283.3,254.7,0.2837
175,-1,161.3,196.1,120.2,139.1,0.2143
175,-1,128.1,114.5,383.9,335.4,0.1065
176,-1,188.6,248.0,52.8,48.7,0.3600
176,-1,195.5,123.5,298.2,259.0,0.3460
177,-1,191.5,120.8,310.8,272.3,0.3233
177,-1,189.7,250.1,53.8,50.5,0.2751
177,-1,123.6,105.5,388.4,332.7,0.1133
178,-1,190.5,254.9,54.0,50.2,0.3949
178,-1,228.1,118.4,279.4,275.2,0.3071
179,-1,224.0,117.6,287.0,285.5,0.3982
179,-1,190.7,258.4,54.3,50.1,0.3710
179,-1,165.8,208.6,122.2,136.7,0.1383
180,-1,190.3,261.2,54.1,51.0,0.3901
180,-1,220.0,116.6,292.0,293.3,0.3584
181,-1,189.5,263.2,54.8,52.0,0.3091
181,-1,216.0,109.8,296.0,304.9,0.2886
182,-1,188.2,267.3,52.9,49.0,0.2522
182,-1,202.7,72.7,309.3,372.8,0.1374
183,-1,185.0,267.2,53.8,51.9,0.3441
183,-1,156.2,218.4,134.7,147.3,0.1411
184,-1,182.6,268.0,55.1,52.6,0.3572
184,-1,154.8,218.5,135.3,147.9,0.1663
184,-1,159.3,10.0,352.7,352.0,0.1062
185,-1,178.5,268.3,56.0,52.1,0.3818
185,-1,161.4,10.0,350.2,352.2,0.1469
186,-1,175.7,268.1,55.5,53.2,0.4065
186,-1,163.5,10.1,345.7,351.1,0.1747
187,-1,170.7,267.8,55.7,53.3,0.3667
187,-1,167.5,10.3,342.1,350.8,0.1939
187,-1,142.2,218.6,140.6,150.1,0.1192
188,-1,165.9,267.3,56.6,53.1,0.3359
188,-1,172.0,10.2,336.5,350.2,0.1810
189,-1,162.0,267.2,56.3,53.4,0.3107
189,-1,176.3,9.5,331.6,350.0,0.1520
190,-1,153.8,263.8,63.0,61.6,0.2286
190,-1,175.9,9.7,332.4,351.4,0.1222
191,-1,148.4,261.5,63.7,63.2,0.2102
191,-1,177.5,9.2,331.0,351.1,0.1024
192,-1,137.5,257.8,71.7,75.3,0.2332
192,-1,144.5,268.7,56.6,50.0,0.1065
193,-1,139.4,262.1,58.4,56.3,0.2738
194,-1,132.9,262.7,60.3,53.5,0.2995
195,-1,124.9,253.8,63.3,69.3,0.3107
196,-1,120.9,264.5,61.1,52.1,0.3299
196,-1,122.7,280.3,51.2,36.0,0.1483
197,-1,112.6,252.8,65.3,71.3,0.4292
197,-1,115.3,268.9,57.3,47.6,0.2177
197,-1,64.0,187.0,169.6,180.7,0.1044
198,-1,108.4,250.4,65.3,68.1,0.5395
198,-1,109.2,273.8,55.4,40.5,0.2135
198,-1,54.6,181.5,175.3,187.8,0.1089
199,-1,98.9,250.2,67.5,70.4,0.4265
199,-1,44.5,181.3,181.1,192.8,0.1639
199,-1,102.8,274.9,55.6,39.0,0.1479
200,-1,94.4,248.2,67.0,70.2,0.5781
200,-1,38.8,180.0,183.1,193.8,0.2675
200,-1,95.6,275.3,55.8,38.9,0.1926
201,-1,84.2,248.0,70.2,73.5,0.4671
201,-1,89.2,275.3,56.0,39.0,0.3131
201,-1,30.7,177.9,183.7,196.3,0.2533
201,-1,0.0,4.5,261.8,381.6,0.1419
202,-1,80.8,246.9,68.5,73.1,0.6301
202,-1,22.5,176.5,187.3,198.5,0.2834
202,-1,82.5,276.7,54.4,39.1,0.2458
202,-1,0.0,5.1,254.1,380.3,0.1305
203,-1,71.8,250.8,71.6,73.7,0.4911
203,-1,75.8,277.7,56.2,40.3,0.4845
203,-1,12.3,177.7,192.4,205.4,0.3680
203,-1,0.0,6.2,247.3,378.9,0.1300
204,-1,67.4,250.5,69.6,74.6,0.6529
204,-1,67.9,278.6,58.6,42.0,0.4680
204,-1,8.1,176.0,193.1,214.7,0.3986
205,-1,57.4,252.4,77.5,83.1,0.5511
205,-1,63.8,280.4,59.1,43.3,0.4599
205,-1,4.1,176.7,194.7,218.4,0.3581
206,-1,55.3,252.3,78.0,84.1,0.6106
206,-1,61.8,283.7,58.3,40.6,0.4812
206,-1,1.4,175.2,197.0,224.1,0.2302
207,-1,55.3,252.7,79.0,84.6,0.5716
207,-1,62.2,284.3,58.9,41.6,0.5273
207,-1,1.0,174.2,199.2,227.5,0.2174
208,-1,56.4,251.5,80.3,85.0,0.5848
208,-1,65.0,281.3,58.0,43.7,0.5385
208,-1,0.8,171.1,201.8,232.2,0.2594
209,-1,60.9,251.0,79.1,83.5,0.7057
209,-1,67.7,281.0,62.8,43.7,0.4922
209,-1,1.3,170.0,205.7,233.6,0.2517
210,-1,67.7,252.1,80.6,85.0,0.5984
210,-1,76.1,284.0,58.2,44.2,0.5785
210,-1,5.3,170.3,208.4,235.8,0.3114
211,-1,76.0,251.6,79.4,84.3,0.7451
211,-1,82.9,284.5,59.3,43.9,0.5548
211,-1,8.5,170.0,211.8,234.8,0.3304
212,-1,86.5,251.2,78.8,84.2,0.7268
212,-1,93.2,281.1,62.8,45.7,0.5512
212,-1,19.3,166.6,210.1,236.8,0.3110
213,-1,98.4,250.0,77.3,82.7,0.6689
213,-1,104.2,281.5,62.0,44.5,0.5122
213,-1,25.5,163.9,213.2,239.8,0.3159
214,-1,108.0,246.3,78.8,83.0,0.5985
214,-1,116.0,278.1,57.8,45.2,0.5144
214,-1,31.7,156.5,217.8,250.3,0.2673
215,-1,126.3,273.5,61.6,46.4,0.6094
215,-1,119.2,243.0,78.5,82.8,0.5159
215,-1,47.1,154.8,213.1,247.4,0.2271
216,-1,130.0,239.5,82.6,86.4,0.6539
216,-1,139.9,271.1,59.6,46.8,0.5974
216,-1,57.2,154.2,212.9,243.1,0.1511
217,-1,143.0,238.4,82.8,87.0,0.7013
217,-1,153.0,269.7,61.3,47.2,0.6280
217,-1,69.6,146.3,219.4,238.8,0.2050
218,-1,157.1,236.3,82.1,87.1,0.6694
218,-1,166.9,268.0,63.3,47.6,0.6064
218,-1,82.5,145.1,218.0,238.7,0.2363
219,-1,172.4,232.8,79.5,87.3,0.6535
219,-1,181.4,263.2,63.0,50.1,0.5232
219,-1,95.5,140.8,219.3,245.0,0.1985
220,-1,187.0,229.9,78.5,87.0,0.6068
220,-1,196.4,260.8,61.0,49.8,0.5676
220,-1,108.4,136.4,218.5,253.2,0.2284
221,-1,200.8,226.2,80.4,88.8,0.6460
221,-1,210.5,258.9,62.1,49.1,0.5595
221,-1,121.7,128.9,225.2,267.6,0.2471
222,-1,212.4,222.9,83.8,90.3,0.7175
222,-1,224.5,255.9,60.7,49.1,0.5796
222,-1,134.3,128.2,225.7,270.6,0.2049
223,-1,225.9,218.4,81.9,92.0,0.6910
223,-1,235.3,253.9,63.5,49.4,0.5905
223,-1,145.7,125.3,233.7,273.3,0.1784
224,-1,245.9,247.4,63.5,54.5,0.6202
224,-1,236.2,216.5,82.7,93.2,0.4729
225,-1,252.9,246.5,66.7,53.1,0.6400
225,-1,242.5,214.2,86.2,95.3,0.4205
226,-1,261.3,247.1,64.1,51.7,0.6053
226,-1,251.2,212.9,85.0,95.6,0.5141
227,-1,264.8,241.6,68.1,56.4,0.6791
227,-1,256.7,215.7,83.8,90.1,0.4052
228,-1,268.8,241.3,67.2,57.4,0.6594
228,-1,318.9,100.6,50.9,47.3,0.4496
228,-1,253.0,206.1,100.0,113.9,0.3707
229,-1,272.2,243.0,66.2,57.8,0.6459
229,-1,264.1,216.1,83.6,90.9,0.4818
229,-1,325.2,96.9,50.8,48.0,0.4810
229,-1,241.1,90.2,138.9,63.8,0.1868
230,-1,271.7,244.0,70.0,59.1,0.6388
230,-1,326.1,92.4,52.5,50.6,0.6225
230,-1,265.9,221.2,84.1,86.1,0.4702
230,-1,252.6,88.2,126.8,62.5,0.1641
231,-1,325.9,88.4,56.1,53.3,0.6325
231,-1,271.6,244.2,70.0,59.3,0.6173
231,-1,265.6,221.2,85.9,87.6,0.4317
232,-1,270.3,246.8,70.5,59.4,0.6704
232,-1,328.6,85.9,53.9,54.9,0.5891
232,-1,253.4,79.2,130.9,72.4,0.3905
232,-1,264.2,223.6,86.4,91.7,0.2633
232,-1,253.2,208.4,108.2,123.8,0.1475
233,-1,268.6,246.4,71.9,61.7,0.6869
233,-1,326.6,80.6,58.2,59.5,0.5576
233,-1,262.7,228.2,87.6,89.2,0.2822
233,-1,252.2,208.7,109.4,122.6,0.1980
233,-1,260.5,76.3,125.0,73.8,0.1679
234,-1,269.0,249.8,69.4,60.3,0.6419
234,-1,325.0,76.5,59.4,62.2,0.5930
234,-1,251.1,208.8,109.9,125.7,0.2316
234,-1,260.9,228.5,89.1,92.6,0.2315
235,-1,265.4,248.7,71.6,66.3,0.6923
235,-1,324.7,75.8,60.5,64.5,0.5734
235,-1,249.5,212.1,109.5,120.5,0.3412
235,-1,251.7,66.1,143.6,93.5,0.1159
236,-1,261.5,253.5,71.7,64.4,0.6549
236,-1,324.4,74.9,62.7,68.3,0.5483
236,-1,247.2,214.0,111.9,122.4,0.2901
236,-1,256.0,239.5,88.1,87.8,0.2545
237,-1,258.3,258.7,72.2,63.8,0.6896
237,-1,321.4,72.2,68.9,78.0,0.5411
237,-1,245.1,215.2,115.1,122.5,0.1571
238,-1,255.8,259.9,72.3,66.7,0.6681
238,-1,320.1,69.5,69.9,81.3,0.5517
238,-1,239.6,225.3,118.1,128.2,0.1757
239,-1,253.0,262.8,72.1,67.6,0.6714
239,-1,322.2,66.8,66.9,83.6,0.5568
239,-1,237.4,223.1,117.6,132.2,0.2257
240,-1,248.9,267.1,73.8,66.4,0.7062
240,-1,322.3,64.8,67.7,85.2,0.6725
240,-1,234.4,225.7,120.5,122.8,0.1834
241,-1,320.5,61.3,70.0,88.4,0.6999
241,-1,248.0,271.9,72.4,65.8,0.6692
241,-1,233.2,226.0,122.2,131.1,0.1622
241,-1,213.0,206.4,158.8,169.0,0.1001
242,-1,319.7,58.8,72.1,91.0,0.7062
242,-1,244.2,273.2,74.7,69.4,0.6724
242,-1,286.7,47.3,117.1,119.2,0.1070
243,-1,319.2,57.4,73.2,92.8,0.7060
243,-1,240.8,277.2,76.5,69.6,0.6748
243,-1,236.5,265.1,95.8,94.6,0.1349
243,-1,214.3,209.3,154.7,183.1,0.1017
244,-1,318.8,57.5,74.4,94.1,0.7093
244,-1,240.1,284.9,73.3,67.1,0.6509
244,-1,215.5,223.5,144.3,169.9,0.1229
244,-1,283.3,41.7,122.7,129.4,0.1116
245,-1,317.9,57.1,74.8,94.8,0.7253
245,-1,234.7,286.3,77.6,72.0,0.6027
246,-1,315.7,55.5,76.3,95.9,0.7059
246,-1,230.3,287.0,88.7,81.6,0.6911
247,-1,316.1,55.1,77.0,97.5,0.7108
247,-1,225.6,293.8,91.3,79.4,0.5077
247,-1,191.2,227.8,170.0,184.5,0.1038
248,-1,314.6,52.4,79.0,99.9,0.6862
248,-1,225.8,296.2,85.8,81.2,0.4880
249,-1,313.5,50.5,80.6,101.6,0.7226
249,-1,221.3,300.7,90.1,83.9,0.5268
250,-1,314.1,49.4,82.3,104.4,0.6953
250,-1,215.9,304.7,94.9,83.0,0.5938
250,-1,180.9,235.0,177.5,198.2,0.1454
251,-1,312.4,46.3,83.3,108.0,0.7232
251,-1,212.7,309.7,90.9,83.7,0.4662
252,-1,309.5,41.7,88.3,113.8,0.6903
252,-1,205.2,314.8,97.0,85.2,0.5001
252,-1,270.5,12.0,150.8,172.8,0.1282
253,-1,306.8,40.4,90.8,117.5,0.7166
253,-1,199.5,318.1,97.5,88.0,0.5266
253,-1,268.9,11.3,151.5,175.6,0.1241
254,-1,305.4,41.8,92.8,118.4,0.7058
254,-1,190.9,323.4,102.6,92.4,0.2739
254,-1,267.8,10.2,155.0,180.9,0.1088
255,-1,300.0,41.4,96.4,119.3,0.6292
255,-1,185.5,329.6,102.3,93.0,0.5251
255,-1,193.1,383.3,48.5,34.9,0.3470
256,-1,298.2,42.6,95.9,121.0,0.5254
256,-1,184.8,392.1,48.4,34.5,0.3949
256,-1,174.3,336.9,113.1,99.5,0.3742
256,-1,316.4,52.5,66.1,102.0,0.2068
257,-1,176.2,401.0,50.2,36.5,0.5454
257,-1,288.0,32.8,110.0,134.3,0.3737
257,-1,169.6,343.3,102.2,98.8,0.2901
257,-1,316.2,55.6,63.6,95.4,0.1889
257,-1,330.7,62.8,47.2,67.3,0.1115
257,-1,258.2,9.7,156.8,186.3,0.1061
258,-1,168.5,409.9,50.6,39.6,0.5655
258,-1,283.8,41.0,106.0,129.8,0.4441
258,-1,320.3,62.2,50.0,76.3,0.2258
258,-1,159.0,361.5,104.0,96.1,0.2219
258,-1,304.4,58.0,71.2,108.4,0.1056
259,-1,161.1,417.7,52.0,39.1,0.7238
259,-1,281.0,39.2,104.4,131.0,0.4623
259,-1,319.6,62.2,50.7,72.7,0.2886
259,-1,148.9,361.9,116.0,110.5,0.2402
259,-1,307.1,56.9,63.0,99.3,0.2130
259,-1,107.4,278.5,226.6,229.9,0.1744
260,-1,154.1,418.1,53.0,40.6,0.6520
260,-1,273.4,25.8,117.8,142.3,0.3572
260,-1,319.4,51.9,54.2,79.8,0.3306
260,-1,143.2,361.4,114.6,111.7,0.2341
260,-1,99.0,279.1,233.5,230.8,0.2110
260,-1,219.8,3.0,194.0,202.7,0.1397
260,-1,108.5,344.3,199.2,160.9,0.1371
261,-1,149.3,417.3,56.7,41.3,0.7093
261,-1,273.9,16.5,119.4,144.1,0.3686
261,-1,322.1,46.3,54.6,76.9,0.2957
261,-1,225.1,5.4,190.0,196.7,0.1769
261,-1,136.2,363.7,116.7,113.7,0.1365
261,-1,107.2,339.7,194.9,172.1,0.1135
262,-1,147.0,413.8,56.4,41.7,0.6609
262,-1,271.4,8.3,126.3,142.2,0.3507
262,-1,201.6,0.7,228.1,196.6,0.3049
262,-1,137.4,353.2,122.4,115.0,0.2294
262,-1,325.0,31.5,54.4,81.8,0.2130
262,-1,102.6,336.7,201.9,175.1,0.1298
262,-1,140.8,377.1,82.0,87.3,0.1029
263,-1,144.2,405.3,56.8,43.4,0.6479
263,-1,278.3,8.2,122.0,131.5,0.4990
263,-1,199.9,0.2,261.6,190.4,0.3365
263,-1,134.1,359.5,111.0,104.4,0.1751
263,-1,331.9,26.2,55.8,74.3,0.1451
264,-1,143.6,397.0,57.1,43.6,0.6071
264,-1,279.0,10.2,127.9,115.8,0.4162
264,-1,220.9,1.0,258.2,181.7,0.3499
264,-1,132.2,347.7,116.2,112.7,0.2186
264,-1,336.4,23.9,58.7,62.0,0.1060
265,-1,142.8,385.6,57.5,43.2,0.5551
265,-1,241.2,1.0,268.3,174.7,0.4061
265,-1,285.8,13.2,125.5,97.7,0.3855
265,-1,349.5,21.8,50.6,45.5,0.2329
265,-1,131.1,332.4,118.3,115.6,0.1449
266,-1,144.7,375.2,58.4,41.7,0.5941
266,-1,245.1,0.0,260.4,164.4,0.4403
266,-1,294.1,12.8,123.0,78.9,0.3486
266,-1,131.6,319.3,120.0,115.7,0.1101
267,-1,254.0,0.4,253.7,152.0,0.5924
267,-1,144.2,360.5,60.5,44.5,0.5250
267,-1,306.9,13.8,106.6,59.3,0.4316
267,-1,115.5,304.3,157.4,139.7,0.1251
268,-1,260.0,1.0,247.6,139.3,0.5931
268,-1,150.1,349.7,58.8,43.4,0.4076
268,-1,122.3,288.1,154.7,149.6,0.1616
269,-1,153.7,336.6,59.2,45.1,0.4076
269,-1,239.4,1.1,267.2,110.8,0.3039
269,-1,136.0,281.5,143.3,138.9,0.2504
270,-1,154.4,322.8,64.2,47.3,0.3144
270,-1,139.1,268.8,148.5,142.5,0.2491
270,-1,200.7,0.0,311.3,93.3,0.1215
271,-1,138.2,255.9,156.0,141.6,0.3978
271,-1,158.3,308.0,66.2,49.7,0.3101
271,-1,153.7,297.2,76.8,83.1,0.1010
272,-1,140.7,246.2,158.2,142.6,0.4818
272,-1,161.8,294.5,68.3,51.2,0.2796
272,-1,155.7,257.6,116.8,105.2,0.1585
273,-1,174.2,286.8,48.9,47.5,0.4679
273,-1,148.1,232.2,155.3,152.6,0.2977
274,-1,181.3,274.7,46.7,47.1,0.5848
274,-1,160.3,225.6,143.8,142.4,0.3411
275,-1,157.1,204.2,166.6,156.5,0.4040
275,-1,188.7,259.4,49.1,47.2,0.3907
275,-1,173.3,217.1,116.4,116.3,0.1124
276,-1,166.6,189.8,160.7,151.2,0.4219
276,-1,194.9,247.6,52.0,47.7,0.3493
277,-1,198.5,239.3,50.7,46.7,0.4269
277,-1,174.7,178.5,159.4,157.2,0.4031
278,-1,179.6,170.7,160.8,161.5,0.3802
278,-1,205.1,233.1,49.7,47.3,0.3763
278,-1,197.2,226.1,72.4,56.3,0.1102
279,-1,209.0,229.9,51.5,47.6,0.3726
279,-1,181.5,161.7,165.3,163.1,0.3133
279,-1,201.5,216.6,74.7,65.6,0.1150
280,-1,209.8,227.8,56.4,47.9,0.4363
280,-1,189.0,156.8,161.2,169.3,0.3919
281,-1,188.6,154.3,166.6,172.1,0.4202
281,-1,213.9,228.5,52.9,48.7,0.3687
282,-1,185.8,151.1,173.9,183.0,0.4623
282,-1,216.0,228.5,57.3,48.7,0.2371
282,-1,210.2,219.3,78.1,62.5,0.1475
283,-1,184.6,152.4,183.5,179.1,0.5678
283,-1,217.3,233.5,54.5,47.5,0.2208
283,-1,213.0,223.9,77.1,58.9,0.1764
284,-1,185.0,152.3,187.3,181.7,0.6160
284,-1,219.9,236.2,55.2,47.8,0.3406
284,-1,213.5,231.2,76.9,58.3,0.1148
285,-1,185.4,151.2,192.5,189.8,0.6311
285,-1,219.0,232.5,73.5,59.2,0.4285
285,-1,222.1,241.0,51.2,48.1,0.1739
286,-1,183.4,151.1,205.5,194.9,0.6559
286,-1,124.7,46.1,50.6,25.9,0.4364
286,-1,219.9,235.4,74.8,58.5,0.4051
286,-1,224.8,247.5,45.2,44.4,0.2360
286,-1,107.6,46.6,71.5,30.3,0.2030
286,-1,0.9,26.9,176.1,196.7,0.1201
287,-1,182.2,150.9,206.4,203.8,0.6553
287,-1,124.1,38.8,48.0,30.6,0.6431
287,-1,221.9,241.3,73.6,57.4,0.4495
288,-1,181.8,149.6,212.0,212.1,0.6499
288,-1,121.6,31.6,46.9,35.6,0.4943
288,-1,220.3,243.6,76.9,60.5,0.4655
289,-1,180.3,148.5,222.1,222.2,0.6490
289,-1,219.8,245.4,78.9,61.9,0.4171
289,-1,312.9,189.3,55.4,87.1,0.2127
289,-1,119.1,25.0,46.9,41.7,0.1838
289,-1,224.0,252.3,56.3,51.8,0.1742
290,-1,177.4,147.5,229.4,232.3,0.6565
290,-1,218.4,250.0,78.4,61.3,0.3730
290,-1,223.4,258.8,52.9,50.7,0.3430
290,-1,314.6,194.4,54.7,76.9,0.1891
291,-1,171.9,145.2,237.2,241.2,0.6436
291,-1,215.0,253.6,80.3,62.5,0.4049
292,-1,167.0,143.0,246.4,255.4,0.6153
292,-1,210.0,255.0,86.5,65.5,0.3819
292,-1,216.8,263.5,59.7,53.0,0.2902
292,-1,315.6,196.9,57.2,82.7,0.2134
293,-1,161.3,139.8,258.4,269.2,0.5591
293,-1,215.8,265.9,52.1,55.6,0.5178
293,-1,207.4,256.2,87.6,68.5,0.3896
293,-1,316.7,198.9,58.6,88.3,0.1655
293,-1,2.3,2.3,230.1,136.9,0.1263
294,-1,158.9,136.4,267.3,284.8,0.4746
294,-1,204.4,258.1,89.5,72.5,0.3788
294,-1,214.2,269.4,51.0,54.6,0.3696
294,-1,319.0,201.0,57.9,92.2,0.2105
294,-1,4.3,2.4,224.8,124.0,0.1413
295,-1,211.3,272.5,52.0,55.1,0.4777
295,-1,148.2,125.8,302.2,324.2,0.4356
295,-1,319.3,200.1,59.3,97.3,0.2602
295,-1,201.8,259.4,91.1,75.7,0.2529
296,-1,206.5,272.9,56.0,56.2,0.4917
296,-1,320.2,200.4,60.5,97.0,0.3032
296,-1,141.4,123.9,310.5,334.0,0.2821
296,-1,197.5,263.2,88.3,70.8,0.1723
297,-1,202.9,269.5,55.2,62.1,0.5506
297,-1,321.2,200.8,60.6,98.3,0.2642
297,-1,193.7,261.7,94.9,77.2,0.2411
297,-1,131.8,122.8,322.3,334.8,0.1244
298,-1,199.9,269.4,54.2,63.4,0.5089
298,-1,323.2,200.7,60.8,100.8,0.2608
298,-1,194.9,263.4,84.3,74.8,0.2169
299,-1,195.6,269.7,57.8,64.3,0.5486
299,-1,327.3,200.3,61.6,95.4,0.2860
299,-1,186.4,263.1,88.1,78.3,0.1550
300,-1,192.8,267.3,55.6,67.5,0.5223
300,-1,329.7,199.3,63.5,102.4,0.1891
300,-1,183.6,262.2,88.8,81.4,0.1855
301,-1,188.7,266.7,58.8,69.5,0.5883
301,-1,337.8,198.4,57.6,99.8,0.1760
301,-1,179.8,257.6,98.7,88.8,0.1415
302,-1,185.1,266.2,59.7,70.3,0.5337
302,-1,338.7,196.6,62.5,105.6,0.2489
302,-1,181.0,258.7,82.9,85.0,0.1305
303,-1,182.3,264.3,59.2,73.9,0.5925
303,-1,338.9,191.3,66.3,109.4,0.2039
304,-1,178.9,264.5,60.9,72.5,0.5473
304,-1,349.6,190.1,58.1,104.7,0.2002
305,-1,176.7,263.9,61.5,73.7,0.5233
305,-1,349.6,187.4,62.6,110.8,0.2005
306,-1,174.6,263.4,62.2,76.2,0.5254
306,-1,351.6,186.2,67.3,114.8,0.1242
306,-1,134.8,235.3,165.0,150.4,0.1161
307,-1,173.6,263.0,63.6,77.1,0.5774
307,-1,362.4,182.3,58.9,98.7,0.1425
308,-1,172.0,261.9,66.7,79.4,0.6120
308,-1,131.9,237.5,169.0,152.2,0.1570
308,-1,374.8,178.5,56.3,100.6,0.1316
309,-1,171.6,261.0,69.5,79.7,0.5794
309,-1,132.3,238.2,172.0,151.4,0.2473
309,-1,363.8,153.3,94.4,170.7,0.1259
310,-1,171.9,262.7,72.4,78.1,0.5880
310,-1,131.4,237.6,177.5,154.0,0.1941
310,-1,165.7,253.2,104.6,112.6,0.1893
310,-1,371.4,141.5,100.3,187.1,0.1840
310,-1,383.8,165.7,73.2,113.3,0.1271
311,-1,173.4,262.0,75.0,78.3,0.4737
311,-1,167.7,251.6,109.3,116.5,0.1897
311,-1,382.8,132.0,106.5,195.6,0.1881
311,-1,140.6,239.0,180.8,156.8,0.1739
311,-1,408.8,160.3,62.8,93.3,0.1668
312,-1,176.3,263.3,76.7,76.3,0.3071
312,-1,227.9,2.2,278.9,158.1,0.2649
312,-1,164.5,245.2,127.2,126.2,0.2474
312,-1,144.1,237.6,179.0,159.0,0.2053
312,-1,238.1,7.1,273.9,306.8,0.1964
312,-1,388.1,71.7,123.9,244.8,0.1756
312,-1,418.5,149.5,69.7,92.1,0.1003
313,-1,234.3,1.3,272.1,152.4,0.4087
313,-1,167.0,243.2,121.2,129.6,0.2241
313,-1,177.7,251.8,84.8,98.0,0.1923
313,-1,146.2,229.7,179.8,169.5,0.1343
314,-1,219.0,1.3,284.9,150.3,0.3652
314,-1,165.7,231.9,140.1,144.3,0.1794
314,-1,178.7,250.3,87.1,97.4,0.1738
315,-1,222.5,1.6,282.1,142.7,0.3162
315,-1,166.5,227.8,141.4,153.8,0.2953
315,-1,179.0,247.3,90.0,95.6,0.2033
316,-1,179.5,244.7,90.4,96.2,0.1761
316,-1,167.1,224.3,142.5,159.1,0.1714
317,-1,150.8,222.6,197.5,172.5,0.1990
317,-1,177.3,237.9,98.9,103.8,0.1243
318,-1,174.7,232.7,106.0,104.1,0.2384
318,-1,152.5,219.8,195.7,179.4,0.2061
319,-1,172.2,228.7,111.4,105.5,0.3617
319,-1,151.6,220.1,205.6,178.1,0.2348
320,-1,172.9,224.1,112.9,109.7,0.2578
320,-1,151.8,209.5,207.3,197.5,0.2325
321,-1,149.1,200.4,221.8,215.7,0.2808
321,-1,170.1,214.0,120.2,122.1,0.1433
322,-1,133.7,188.7,226.3,241.2,0.3047
322,-1,167.0,214.9,120.6,112.0,0.1624
323,-1,133.4,186.6,233.6,251.0,0.3332
323,-1,165.5,206.1,127.6,118.5,0.1833
324,-1,132.3,180.1,245.9,262.4,0.3749
324,-1,163.4,197.8,132.7,124.2,0.1740
325,-1,131.5,172.4,270.3,277.2,0.3103
325,-1,160.5,190.4,136.3,122.8,0.1755
326,-1,129.9,170.1,242.8,284.6,0.3388
326,-1,156.2,181.6,142.1,127.2,0.2218
327,-1,126.3,155.0,246.3,305.4,0.2795
327,-1,151.2,173.5,148.2,129.7,0.1359
328,-1,123.0,152.2,255.9,315.5,0.2815
328,-1,144.8,159.6,158.6,138.6,0.1392
329,-1,125.3,144.2,286.1,340.3,0.3144
330,-1,116.0,133.7,282.9,369.9,0.2362
331,-1,95.7,126.1,328.3,385.9,0.1623
331,-1,147.0,187.1,61.0,78.6,0.1277
332,-1,141.8,182.6,64.2,82.1,0.1969
332,-1,91.0,113.7,342.3,398.3,0.1528
333,-1,137.5,177.2,65.8,82.2,0.2641
333,-1,120.2,127.8,186.4,157.6,0.1358
333,-1,86.4,109.7,349.8,402.3,0.1060
333,-1,133.4,166.4,93.4,106.7,0.1005
334,-1,133.9,168.0,78.2,96.4,0.3809
334,-1,111.7,126.4,198.4,160.7,0.2124
334,-1,119.0,152.3,110.0,126.7,0.1350
335,-1,129.4,163.2,82.1,103.6,0.4506
335,-1,105.2,125.1,209.1,165.9,0.1883
335,-1,116.8,148.8,113.8,128.8,0.1567
336,-1,126.0,164.0,83.4,104.7,0.5602
336,-1,98.8,123.4,219.9,173.0,0.1262
337,-1,123.5,164.7,84.7,106.5,0.5878
337,-1,83.7,112.5,260.1,220.3,0.1660
338,-1,124.5,167.9,83.4,106.3,0.6147
338,-1,71.8,102.8,334.2,259.9,0.1370
339,-1,126.7,171.0,80.6,106.5,0.6030
340,-1,128.0,172.3,82.7,107.8,0.5186
340,-1,136.4,178.9,22.9,14.9,0.4132
341,-1,123.0,169.3,99.0,116.2,0.5688
342,-1,127.4,178.8,88.5,111.9,0.5340
343,-1,126.2,178.7,94.4,117.4,0.4844
343,-1,141.9,189.7,26.4,16.1,0.2218
344,-1,124.4,175.0,106.2,124.2,0.4706
345,-1,132.7,183.8,93.8,119.1,0.4648
345,-1,145.4,195.2,28.8,17.2,0.1044
346,-1,129.8,184.8,100.8,124.7,0.3861
347,-1,129.5,190.2,101.9,124.8,0.3010
347,-1,150.8,201.2,29.7,22.1,0.2364
348,-1,122.9,177.8,115.4,143.8,0.2637
348,-1,155.7,203.0,26.4,17.2,0.1395
349,-1,122.0,179.2,117.5,149.4,0.3124
349,-1,156.5,207.4,26.4,18.7,0.2405
350,-1,159.9,207.8,27.7,19.2,0.3812
350,-1,123.1,182.8,121.0,149.2,0.2969
351,-1,125.6,187.6,123.4,150.7,0.3260
351,-1,162.6,207.7,31.7,20.8,0.2962
352,-1,166.9,208.4,27.9,19.1,0.3746
352,-1,128.6,188.3,124.9,159.0,0.2968
353,-1,128.3,184.3,131.5,163.9,0.2910
353,-1,170.3,208.4,30.9,22.0,0.1892
353,-1,108.3,160.1,180.2,204.4,0.1424
353,-1,216.3,29.5,295.7,387.7,0.1099
354,-1,174.5,208.8,27.1,18.2,0.3511
354,-1,128.4,182.8,138.8,171.1,0.2397
354,-1,193.4,5.2,317.2,293.0,0.1216
355,-1,128.4,185.0,140.3,172.0,0.2688
355,-1,178.9,208.3,28.3,21.6,0.2637
356,-1,181.3,206.9,31.5,23.7,0.2740
356,-1,127.0,184.2,142.9,177.3,0.2581
357,-1,183.5,206.2,29.2,24.3,0.2842
357,-1,125.3,179.9,146.0,183.7,0.2039
357,-1,252.7,8.2,256.2,200.5,0.1651
358,-1,255.1,8.1,254.2,195.9,0.1996
358,-1,126.9,184.9,144.5,174.5,0.1761
358,-1,184.3,203.6,29.8,24.4,0.1135
359,-1,185.3,201.7,28.4,23.0,0.3598
359,-1,254.9,8.3,255.0,189.4,0.1428
359,-1,121.7,174.5,153.7,193.4,0.1376
360,-1,184.3,200.1,29.4,25.6,0.2465
360,-1,121.4,179.1,152.0,180.1,0.1359
361,-1,181.8,197.2,32.3,27.8,0.2695
361,-1,118.1,178.5,153.4,179.7,0.1340
362,-1,181.0,196.0,33.3,28.4,0.2732
362,-1,86.8,156.3,185.7,226.4,0.1212
363,-1,175.7,198.4,31.0,27.6,0.2884
364,-1,169.9,199.4,33.0,28.8,0.2145
364,-1,142.5,189.7,71.3,78.7,0.1743
365,-1,166.4,200.3,33.8,29.6,0.3497
366,-1,162.9,201.3,34.3,29.5,0.3544
366,-1,26.0,124.9,250.2,272.1,0.1257
366,-1,133.0,189.5,74.3,84.2,0.1130
367,-1,159.5,202.1,34.6,29.6,0.4387
367,-1,129.1,188.9,75.0,85.8,0.2511
368,-1,158.9,201.2,35.5,30.2,0.4533
368,-1,127.0,186.0,77.0,89.7,0.2607
368,-1,29.0,160.9,260.8,242.1,0.2146
369,-1,157.5,201.2,35.1,30.4,0.4217
369,-1,20.4,167.2,283.4,248.8,0.2038
369,-1,125.4,185.3,77.9,89.6,0.1418
370,-1,157.1,214.6,27.9,17.0,0.3375
370,-1,155.5,201.7,35.2,17.8,0.2677
370,-1,156.1,201.3,33.4,31.1,0.2465
370,-1,16.1,166.8,288.1,258.2,0.1890
370,-1,13.0,166.0,214.8,200.8,0.1210
370,-1,121.0,182.7,82.6,95.1,0.1147
371,-1,155.9,215.8,29.2,16.4,0.3113
371,-1,153.8,201.2,35.3,16.8,0.2834
371,-1,153.5,206.6,34.1,27.0,0.2297
371,-1,5.6,165.6,276.6,221.4,0.1799
372,-1,153.6,202.7,34.3,32.1,0.3157
372,-1,9.0,170.5,255.9,209.9,0.2121
373,-1,153.4,204.6,33.1,30.9,0.3638
373,-1,18.6,166.8,266.9,260.0,0.2412
373,-1,145.8,201.9,47.4,38.8,0.1078
374,-1,151.4,206.4,36.1,30.7,0.4130
374,-1,24.7,161.7,244.3,251.2,0.2554
374,-1,119.2,191.0,79.7,88.8,0.1213
375,-1,152.0,207.8,34.6,30.0,0.3819
375,-1,31.5,164.7,230.9,240.0,0.1746
375,-1,120.6,194.6,76.7,85.3,0.1248
376,-1,152.5,209.8,32.5,27.9,0.2633
377,-1,151.7,211.2,33.9,28.3,0.2087
377,-1,120.5,199.2,75.1,86.6,0.1087
377,-1,17.8,128.6,243.5,290.3,0.1071
378,-1,152.9,211.6,34.9,27.9,0.2702
379,-1,154.4,214.1,33.7,27.1,0.2326
379,-1,144.5,209.9,46.2,37.4,0.1258
379,-1,231.8,2.2,272.7,200.4,0.1240
380,-1,153.9,216.9,31.5,27.1,0.2624
380,-1,232.8,2.2,271.8,199.4,0.2277
380,-1,154.9,216.8,30.0,16.3,0.1488
381,-1,156.6,218.4,31.3,26.7,0.2985
381,-1,257.1,8.0,252.3,187.6,0.2781
381,-1,93.3,199.3,155.8,181.5,0.1125
382,-1,261.3,8.2,247.1,192.7,0.3175
382,-1,158.1,220.8,28.9,26.2,0.2887
382,-1,94.1,199.3,156.2,183.6,0.1605
383,-1,267.1,8.3,240.7,199.9,0.3611
383,-1,159.7,221.2,28.7,25.4,0.2406
383,-1,96.9,200.4,154.5,183.1,0.1599
384,-1,265.6,8.3,241.9,205.4,0.2861
384,-1,100.8,200.9,151.2,181.5,0.2056
384,-1,161.1,221.6,28.5,23.5,0.1840
385,-1,103.6,204.4,148.7,177.7,0.2193
385,-1,218.3,4.9,289.8,229.2,0.1242
386,-1,163.1,224.4,31.8,23.0,0.1930
386,-1,112.3,204.5,143.9,170.9,0.1902
386,-1,410.8,253.8,101.2,179.6,0.1150
387,-1,115.9,204.3,141.1,170.5,0.2424
387,-1,166.8,225.4,28.5,18.9,0.1225
387,-1,406.7,247.9,105.3,182.9,0.1068
388,-1,122.5,213.6,131.6,153.3,0.2531
388,-1,167.4,225.7,28.6,17.7,0.1449
389,-1,168.6,226.0,30.1,17.4,0.2859
389,-1,128.6,214.7,125.3,151.2,0.2468
389,-1,111.8,189.9,169.2,186.9,0.1500
390,-1,130.7,200.5,129.1,157.6,0.3606
390,-1,169.7,226.0,30.8,19.2,0.2253
390,-1,217.1,28.1,294.7,387.1,0.1098
390,-1,117.4,187.7,184.3,190.5,0.1060
391,-1,132.1,199.3,128.3,156.0,0.3481
391,-1,170.4,226.3,31.2,20.4,0.1516
392,-1,171.7,226.6,29.2,20.6,0.3066
392,-1,135.6,198.5,128.1,152.7,0.2898
393,-1,142.6,201.9,118.2,144.2,0.2537
393,-1,173.9,226.8,26.2,18.3,0.2069
394,-1,145.3,202.7,119.4,139.2,0.2869
394,-1,175.3,227.1,26.5,17.6,0.2534
395,-1,155.2,215.7,102.4,124.1,0.3079
395,-1,175.6,227.1,31.4,19.3,0.2103
396,-1,159.7,214.8,99.4,122.7,0.4431
396,-1,176.7,227.3,27.0,20.4,0.1015
397,-1,161.9,217.8,97.7,118.0,0.3993
397,-1,180.1,229.6,26.6,15.8,0.1152
398,-1,165.5,219.9,94.3,115.7,0.4463
399,-1,171.5,223.4,88.7,113.1,0.5073
399,-1,182.7,234.2,27.2,15.5,0.2500
400,-1,173.1,227.0,93.6,110.7,0.5659
401,-1,176.4,229.6,92.9,109.1,0.5593
402,-1,184.4,234.3,82.8,105.2,0.6290
403,-1,187.5,236.3,80.0,103.3,0.6891
403,-1,193.2,242.6,23.2,14.0,0.2433
403,-1,150.5,169.3,264.9,254.3,0.1224
404,-1,190.5,239.1,79.7,102.0,0.6871
404,-1,146.8,167.9,271.1,258.4,0.1732
405,-1,194.0,240.5,79.5,101.2,0.6045
405,-1,155.4,184.6,245.9,225.6,0.2206
405,-1,180.3,224.4,118.0,124.0,0.1293
406,-1,199.4,242.0,79.0,101.0,0.5594
406,-1,160.3,190.7,235.5,201.7,0.2274
406,-1,186.0,226.3,116.2,124.9,0.1519
407,-1,205.9,242.4,85.2,102.8,0.4482
407,-1,168.4,196.4,224.3,192.4,0.1862
408,-1,212.4,252.4,67.0,87.3,0.4358
408,-1,188.9,204.5,199.5,162.8,0.1606
408,-1,202.6,237.6,98.8,111.2,0.1427
408,-1,159.5,173.1,347.5,338.9,0.1309
409,-1,216.8,255.5,65.6,86.2,0.3212
409,-1,203.7,206.8,182.9,157.9,0.1752
409,-1,164.1,180.9,333.8,331.1,0.1710
409,-1,210.7,242.9,95.5,109.2,0.1096
410,-1,224.7,263.7,61.8,77.7,0.1692
410,-1,168.3,186.4,322.4,325.6,0.1335
411,-1,191.1,207.2,266.1,301.3,0.1781
411,-1,228.1,266.4,63.2,77.1,0.1077
411,-1,210.4,373.6,103.8,137.8,0.1046
412,-1,191.6,194.6,312.1,317.4,0.1928
412,-1,219.4,356.3,94.8,155.0,0.1372
413,-1,196.4,194.7,304.6,317.3,0.1833
413,-1,230.0,218.0,160.2,144.6,0.1017
414,-1,231.3,219.7,156.5,141.9,0.1697
414,-1,201.6,200.1,286.5,311.3,0.1575
415,-1,234.2,223.1,151.4,138.2,0.2060
415,-1,205.1,203.0,243.9,303.6,0.1763
416,-1,237.2,232.4,146.0,128.9,0.3405
416,-1,207.3,216.7,233.3,286.4,0.1947
417,-1,240.1,234.7,139.2,124.9,0.3389
417,-1,209.0,219.3,228.2,279.8,0.2023
418,-1,241.3,235.6,132.7,123.5,0.3167
418,-1,210.2,221.1,229.5,273.4,0.2345
419,-1,226.0,226.2,220.4,250.5,0.2107
419,-1,243.7,238.3,128.6,119.3,0.1972
420,-1,232.2,222.9,267.1,230.8,0.3378
420,-1,246.2,238.0,125.9,116.6,0.2264
420,-1,252.4,263.9,61.9,75.2,0.1242
421,-1,228.4,218.6,243.9,223.0,0.3189
421,-1,255.2,237.0,117.2,114.3,0.2164
422,-1,259.9,236.3,113.1,110.5,0.3003
422,-1,233.4,225.1,254.2,203.0,0.2699
423,-1,239.9,222.7,240.0,192.6,0.2429
423,-1,262.7,235.3,108.8,107.0,0.2331
424,-1,242.8,221.7,231.4,185.2,0.2424
424,-1,266.0,235.0,105.5,104.7,0.2359
425,-1,271.3,236.3,99.6,98.8,0.3252
425,-1,244.0,220.9,229.6,196.1,0.2489
426,-1,276.3,237.1,95.1,97.5,0.2925
426,-1,241.6,221.3,225.0,196.2,0.1346
427,-1,280.2,238.8,91.0,97.7,0.1863
427,-1,241.9,220.8,215.5,190.7,0.1251
427,-1,268.5,218.9,140.1,152.8,0.1199
428,-1,274.6,218.2,137.6,145.6,0.2543
428,-1,285.4,237.3,86.9,96.1,0.2366
428,-1,238.8,219.1,219.4,185.2,0.1389
429,-1,289.4,235.8,86.4,96.4,0.3269
429,-1,237.3,217.4,222.1,175.6,0.1489
429,-1,281.9,226.5,119.3,130.0,0.1129
430,-1,292.1,237.7,79.6,90.3,0.2974
430,-1,284.6,223.3,120.7,128.3,0.2077
430,-1,255.6,216.6,183.3,161.1,0.1044
431,-1,298.2,242.7,74.5,78.5,0.4438
431,-1,294.9,232.1,95.7,115.9,0.1324
431,-1,246.9,214.5,209.6,171.4,0.1166
432,-1,300.7,241.6,73.0,78.2,0.4810
432,-1,295.8,230.0,103.4,114.8,0.1687
432,-1,261.0,215.0,178.3,158.9,0.1006
433,-1,304.4,235.1,70.9,83.2,0.4935
434,-1,308.0,235.7,68.6,81.2,0.5620
435,-1,313.7,238.5,64.6,77.0,0.5760
436,-1,316.7,238.9,63.4,75.6,0.5581
437,-1,319.8,238.1,61.7,74.1,0.5710
438,-1,308.9,236.7,59.2,70.5,0.5474
438,-1,302.4,225.4,94.4,88.6,0.1442
439,-1,297.6,236.2,58.8,68.6,0.5673
439,-1,289.6,223.7,98.8,88.7,0.1622
440,-1,288.4,227.6,56.4,72.7,0.5236
440,-1,184.6,93.8,327.4,414.0,0.1260
440,-1,281.1,222.2,86.7,86.7,0.1148
441,-1,278.8,231.0,57.8,64.7,0.5949
441,-1,190.7,98.7,301.8,381.5,0.1479
441,-1,435.3,138.5,60.0,111.8,0.1120
441,-1,268.6,215.1,97.8,89.9,0.1059
442,-1,272.0,225.7,57.3,65.4,0.5703
442,-1,415.1,138.5,65.7,111.4,0.2104
442,-1,190.2,95.1,321.8,363.8,0.1200
443,-1,266.1,226.5,54.8,60.5,0.6071
443,-1,401.5,139.1,62.5,103.8,0.1928
443,-1,259.4,215.7,81.8,79.2,0.1749
443,-1,186.5,94.1,325.5,344.4,0.1683
444,-1,261.8,229.0,53.2,54.3,0.5823
444,-1,388.7,138.8,62.2,99.7,0.2008
444,-1,186.2,61.0,325.8,361.9,0.1918
444,-1,248.8,213.4,97.4,79.4,0.1070
445,-1,256.1,219.6,53.8,61.3,0.5746
445,-1,180.9,68.5,331.1,334.9,0.2193
445,-1,377.0,138.4,61.7,95.2,0.2142
445,-1,247.0,211.5,87.3,74.4,0.2013
446,-1,251.7,221.6,54.7,55.4,0.5339
446,-1,242.3,207.0,93.4,76.6,0.3156
446,-1,364.3,139.5,63.1,100.5,0.1950
446,-1,178.2,67.9,333.8,315.2,0.1193
447,-1,249.3,216.5,53.7,57.4,0.5073
447,-1,355.1,137.2,62.8,98.1,0.3101
447,-1,241.4,206.3,83.2,72.8,0.1546
447,-1,189.8,60.4,267.3,331.4,0.1359
448,-1,246.6,219.9,50.4,51.2,0.5858
448,-1,349.2,138.2,58.6,90.5,0.3130
448,-1,189.7,70.7,259.5,290.9,0.3001
448,-1,234.5,204.5,89.2,72.8,0.2400
449,-1,243.6,214.8,50.8,54.8,0.5105
449,-1,234.7,203.9,86.9,68.5,0.4474
449,-1,185.2,72.2,268.8,284.8,0.4234
449,-1,339.6,136.6,61.9,98.2,0.2205
450,-1,186.8,75.3,259.2,270.0,0.5276
450,-1,238.0,211.6,62.6,53.9,0.3934
450,-1,233.0,203.1,86.0,68.6,0.3285
450,-1,333.9,138.1,61.2,89.9,0.2900
451,-1,187.7,89.6,250.3,244.3,0.5560
451,-1,235.3,211.6,62.9,52.7,0.3314
451,-1,232.4,202.7,83.4,67.0,0.2421
451,-1,329.3,139.9,60.4,86.5,0.2185
452,-1,188.2,97.9,238.3,232.0,0.5716
452,-1,232.9,204.5,79.9,63.9,0.3325
452,-1,326.8,141.5,57.9,85.3,0.1740
452,-1,238.8,213.7,50.3,51.3,0.1634
453,-1,189.1,100.7,224.4,223.5,0.5939
453,-1,233.3,204.8,77.8,62.1,0.4517
453,-1,322.0,141.9,58.9,92.1,0.1034
454,-1,190.6,102.5,212.0,216.8,0.5814
454,-1,233.2,204.7,75.7,60.6,0.4983
454,-1,0.0,6.5,179.5,201.8,0.1274
455,-1,193.7,104.9,203.4,211.9,0.5436
455,-1,233.5,205.1,74.6,59.9,0.5016
455,-1,0.0,4.7,178.2,208.0,0.1468
456,-1,191.6,115.3,208.2,197.5,0.5553
456,-1,233.8,205.2,74.3,59.4,0.5073
456,-1,0.0,7.2,185.5,204.3,0.1699
457,-1,193.5,122.0,200.4,189.8,0.5526
457,-1,233.8,206.1,72.9,59.0,0.4752
458,-1,197.3,126.9,193.5,184.5,0.5372
458,-1,234.0,207.1,71.6,58.4,0.4271
459,-1,201.8,131.1,183.7,180.7,0.4740
459,-1,234.1,208.4,71.1,57.7,0.4181
460,-1,204.4,132.0,180.8,185.2,0.4520
460,-1,235.3,215.3,55.1,47.9,0.4179
461,-1,209.4,141.5,168.3,172.5,0.4230
461,-1,235.2,218.2,52.3,46.6,0.3466
461,-1,229.7,210.6,74.9,58.1,0.2117
462,-1,210.9,146.7,165.7,168.4,0.4553
462,-1,235.0,219.6,52.8,46.6,0.3279
462,-1,229.3,207.8,75.4,62.7,0.1735
463,-1,210.7,152.3,166.4,164.2,0.4462
463,-1,236.6,221.1,49.9,47.3,0.3397
464,-1,236.7,222.7,49.1,47.6,0.5383
464,-1,212.8,157.0,158.7,159.2,0.3670
465,-1,235.1,225.9,51.0,44.3,0.5149
465,-1,210.9,162.5,158.5,151.3,0.3489
466,-1,234.2,226.2,53.3,47.5,0.4009
466,-1,212.8,170.3,153.6,147.6,0.3801
467,-1,233.5,227.3,56.7,48.3,0.3903
467,-1,213.8,173.9,147.7,150.8,0.3585
468,-1,228.1,257.9,58.4,46.0,0.4478
468,-1,204.6,205.5,152.0,153.0,0.3205
469,-1,223.6,277.0,50.8,45.3,0.5085
469,-1,206.1,225.1,144.5,142.2,0.3356
470,-1,198.1,234.0,155.3,151.2,0.2655
470,-1,221.0,291.4,59.6,46.5,0.1379
471,-1,202.4,250.7,148.2,140.2,0.3777
471,-1,215.6,300.9,66.1,49.0,0.1228
472,-1,218.3,312.5,62.9,46.5,0.2709
472,-1,197.5,258.2,150.8,139.6,0.1765
473,-1,219.9,321.0,61.6,47.0,0.4506
473,-1,190.6,264.5,160.5,149.1,0.1306
474,-1,220.9,328.4,60.4,46.1,0.4210
474,-1,194.7,274.8,155.5,142.9,0.1907
475,-1,221.2,335.4,59.6,43.6,0.5372
475,-1,145.2,259.6,264.0,251.2,0.3015
475,-1,219.6,2.0,290.3,113.7,0.1071
476,-1,222.7,340.6,54.9,42.4,0.5909
476,-1,151.8,259.2,246.6,251.2,0.3243
476,-1,227.2,1.9,281.7,111.4,0.1763
477,-1,222.2,345.4,54.3,39.9,0.6204
477,-1,156.9,258.9,233.8,250.7,0.3568
477,-1,232.1,1.8,276.6,114.1,0.2718
477,-1,170.1,283.0,177.4,180.6,0.1143
477,-1,210.0,292.3,117.7,121.6,0.1132
478,-1,221.3,347.8,55.1,41.9,0.4934
478,-1,275.4,1.5,236.6,126.2,0.4266
478,-1,158.5,253.9,231.5,252.9,0.3566
478,-1,209.1,294.5,118.2,118.0,0.2311
479,-1,222.1,352.4,55.2,39.8,0.6538
479,-1,277.6,2.2,233.5,131.6,0.4781
479,-1,161.7,256.1,228.7,248.5,0.3419
479,-1,209.2,296.6,118.6,116.8,0.1966
480,-1,223.4,352.8,52.6,40.3,0.6600
480,-1,278.7,0.1,233.3,138.5,0.4460
480,-1,172.7,269.0,217.3,221.9,0.2821
480,-1,210.3,298.1,118.6,118.2,0.2634
480,-1,341.2,21.9,102.5,65.1,0.1113
481,-1,223.4,353.4,52.7,41.1,0.5848
481,-1,345.5,27.5,91.4,62.4,0.4171
481,-1,271.2,0.4,234.9,140.9,0.3770
481,-1,212.5,300.5,115.6,115.7,0.2783
481,-1,175.6,260.9,209.5,219.2,0.1810
482,-1,223.7,354.8,52.1,39.5,0.6211
482,-1,340.3,22.0,101.9,77.8,0.4494
482,-1,261.0,0.3,244.0,144.4,0.2836
482,-1,213.3,302.0,114.1,113.0,0.2735
482,-1,176.5,252.2,208.7,226.6,0.1044
483,-1,223.1,355.7,51.8,38.6,0.6498
483,-1,348.8,23.8,94.7,83.6,0.4260
483,-1,266.6,1.2,235.0,149.8,0.2345
483,-1,212.5,303.0,112.5,108.1,0.2276
484,-1,223.3,356.4,50.1,36.9,0.6006
484,-1,345.2,24.2,99.9,90.0,0.3050
484,-1,212.7,303.4,111.9,102.9,0.2714
485,-1,223.3,356.6,49.7,36.0,0.4967
485,-1,213.0,303.4,111.8,98.5,0.3160
485,-1,341.4,23.6,102.9,96.2,0.2407
486,-1,218.4,303.9,97.9,91.7,0.3995
486,-1,223.4,355.4,48.2,35.9,0.2840
486,-1,337.6,28.5,101.8,95.7,0.2657
487,-1,336.8,27.8,98.5,100.3,0.5067
487,-1,217.8,303.2,104.3,93.6,0.3996
487,-1,223.3,354.3,48.4,35.6,0.1277
488,-1,336.0,30.3,94.5,103.0,0.6275
488,-1,218.7,303.9,99.1,89.4,0.3925
488,-1,308.2,11.0,137.9,128.9,0.1012
489,-1,336.4,31.2,94.4,109.9,0.5998
489,-1,217.7,304.7,95.4,82.9,0.4126
489,-1,309.2,12.8,133.7,136.1,0.1316
489,-1,178.7,232.6,190.5,205.7,0.1004
490,-1,330.8,29.8,92.7,116.4,0.7344
490,-1,216.7,305.1,100.2,84.0,0.4079
490,-1,293.2,7.1,159.2,168.3,0.1220
490,-1,180.6,233.2,187.3,203.2,0.1164
491,-1,329.3,34.3,88.3,115.1,0.6942
491,-1,217.8,304.8,98.1,83.6,0.4412
491,-1,181.6,233.9,183.2,201.4,0.1372
492,-1,326.7,44.0,84.1,108.8,0.6722
492,-1,219.7,304.8,94.7,82.2,0.5077
492,-1,183.7,234.3,179.5,198.9,0.1111
493,-1,324.2,50.1,81.0,104.5,0.7322
493,-1,221.1,304.2,93.5,81.1,0.5345
494,-1,321.0,57.6,77.4,99.9,0.7515
494,-1,221.9,303.6,92.7,81.5,0.5088
495,-1,318.4,60.8,76.0,101.0,0.7335
495,-1,223.2,302.3,88.9,82.5,0.5635
496,-1,316.6,67.6,76.6,96.5,0.6937
496,-1,223.9,302.2,87.4,80.4,0.6191
496,-1,191.0,235.5,164.1,178.0,0.1228
497,-1,315.9,71.7,75.0,97.3,0.6799
497,-1,224.8,301.7,85.0,78.0,0.6729
497,-1,190.8,231.8,165.8,181.3,0.1294
498,-1,225.5,302.8,78.0,69.1,0.6487
498,-1,316.1,77.8,70.0,93.3,0.6120
498,-1,192.3,233.6,161.9,173.3,0.1914
499,-1,227.1,302.8,75.5,67.4,0.6358
499,-1,315.2,83.0,68.0,91.1,0.5957
499,-1,194.1,234.3,158.3,170.4,0.2266
500,-1,228.4,300.4,74.2,67.1,0.6702
500,-1,311.7,84.8,70.3,91.7,0.6540
500,-1,195.7,234.2,155.5,167.6,0.1986
500,-1,275.6,69.1,116.2,127.3,0.1318
501,-1,229.1,300.3,71.2,65.2,0.6785
501,-1,310.7,90.7,67.3,89.0,0.6751
501,-1,195.8,234.8,153.3,163.4,0.1794
501,-1,277.1,77.0,114.1,120.2,0.1124
502,-1,226.9,298.5,71.9,66.9,0.6547
502,-1,306.7,96.4,65.6,86.6,0.6182
502,-1,194.1,234.4,153.9,163.3,0.1454
502,-1,212.9,260.7,116.5,121.8,0.1049
503,-1,303.2,102.2,66.4,81.4,0.6381
503,-1,226.9,297.8,71.2,66.1,0.6282
503,-1,212.8,256.9,115.3,124.8,0.1187
503,-1,193.6,234.0,153.9,162.8,0.1181
504,-1,227.5,297.8,71.1,65.2,0.6316
504,-1,299.4,107.9,66.0,80.4,0.5908
504,-1,211.2,250.9,120.9,132.4,0.1487
505,-1,226.4,296.8,71.4,64.7,0.7031
505,-1,294.2,111.1,70.4,81.3,0.5151
505,-1,210.5,250.3,119.7,127.2,0.2462
506,-1,225.8,296.3,71.0,63.5,0.7167
506,-1,297.6,119.8,61.0,68.3,0.5795
506,-1,209.3,250.3,118.6,125.6,0.2976
506,-1,219.7,281.9,89.8,86.8,0.2148
507,-1,225.0,295.3,71.2,63.7,0.7249
507,-1,293.4,125.8,61.9,64.4,0.5352
507,-1,209.2,251.4,115.7,123.5,0.2873
507,-1,218.4,279.1,89.7,89.1,0.1976
508,-1,225.0,295.4,70.7,63.1,0.7237
508,-1,288.6,127.4,61.2,65.4,0.5558
508,-1,209.4,252.6,112.3,120.8,0.2799
508,-1,218.5,280.3,88.8,86.8,0.2046
509,-1,224.7,294.7,70.0,63.0,0.7132
509,-1,288.6,133.2,58.7,61.2,0.5406
509,-1,209.7,253.8,109.3,119.3,0.2903
509,-1,218.1,277.6,87.7,88.6,0.1637
510,-1,225.0,295.2,69.4,62.2,0.7087
510,-1,286.2,137.6,56.9,56.8,0.5804
510,-1,209.7,255.2,108.0,118.0,0.3059
510,-1,219.5,130.9,125.1,73.0,0.1730
511,-1,224.5,297.7,68.8,59.8,0.6625
511,-1,281.7,142.1,53.6,54.4,0.5977
511,-1,209.4,257.4,105.3,114.2,0.3545
511,-1,207.1,135.4,135.6,68.1,0.1127
512,-1,224.5,297.5,69.1,58.6,0.6291
512,-1,278.0,144.5,55.7,55.2,0.5779
512,-1,216.7,266.1,87.1,96.4,0.4724
513,-1,222.2,297.3,69.4,58.5,0.6282
513,-1,275.4,150.3,53.3,51.2,0.6188
513,-1,216.0,270.1,85.2,91.8,0.4245
513,-1,203.9,145.3,126.1,67.1,0.1705
514,-1,221.5,297.0,68.9,57.7,0.6224
514,-1,215.4,270.2,84.5,89.9,0.4653
514,-1,276.1,155.8,49.3,47.9,0.4025
515,-1,221.1,296.8,67.9,57.5,0.6253
515,-1,214.6,269.4,82.8,90.6,0.4620
515,-1,271.2,159.7,52.8,47.5,0.2959
516,-1,221.2,297.6,66.3,56.7,0.6355
516,-1,211.2,264.8,88.1,97.1,0.4759
517,-1,220.3,298.3,65.0,54.9,0.6158
517,-1,210.2,265.0,85.9,96.0,0.5518
518,-1,219.5,297.3,64.9,55.6,0.5982
518,-1,209.5,265.2,85.0,95.6,0.5600
519,-1,219.1,298.0,63.8,53.6,0.5668
519,-1,208.3,265.1,85.2,94.9,0.5218
520,-1,218.9,298.1,62.2,51.6,0.5704
520,-1,207.1,265.3,84.3,95.2,0.4616
520,-1,130.4,175.1,224.9,263.4,0.1176
521,-1,219.1,298.2,61.8,51.0,0.5531
521,-1,207.8,266.0,82.6,93.2,0.4596
521,-1,131.9,176.8,221.6,259.3,0.1492
522,-1,219.7,298.9,60.6,49.7,0.5279
522,-1,205.9,265.3,86.3,92.0,0.5139
522,-1,133.7,178.0,217.6,252.9,0.1626
523,-1,186.0,262.5,80.5,89.0,0.6471
523,-1,196.1,292.6,61.0,50.7,0.6059
523,-1,110.9,171.0,216.6,238.3,0.2268
524,-1,169.5,258.1,81.4,88.6,0.6246
524,-1,178.2,289.4,62.9,48.6,0.5602
524,-1,94.9,166.5,219.8,242.9,0.1516
525,-1,165.3,286.3,64.7,48.3,0.5833
525,-1,157.0,254.3,79.9,86.5,0.5252
525,-1,82.8,165.1,217.5,244.3,0.2227
526,-1,144.5,251.1,84.1,87.0,0.6767
526,-1,155.6,282.3,59.4,47.6,0.5412
526,-1,71.7,157.4,221.3,258.5,0.2601
526,-1,5.8,0.0,346.9,356.6,0.1087
527,-1,137.9,249.7,79.5,84.8,0.8153
527,-1,145.8,282.0,60.2,46.1,0.4770
527,-1,63.1,158.4,216.3,253.5,0.2763
528,-1,130.2,246.4,78.6,83.6,0.6931
528,-1,136.4,278.1,61.9,45.2,0.3441
528,-1,55.4,156.3,218.7,253.8,0.2261
529,-1,123.9,243.9,78.4,82.6,0.7014
529,-1,132.7,275.7,57.8,45.5,0.5294
529,-1,50.1,155.5,218.6,252.3,0.2169
530,-1,119.2,240.9,79.4,84.1,0.5669
530,-1,127.1,274.4,57.2,42.7,0.5189
530,-1,48.5,155.2,214.2,248.3,0.1969
531,-1,116.5,239.9,76.2,83.0,0.7211
531,-1,119.5,268.7,65.1,46.5,0.4293
531,-1,46.9,155.3,210.5,240.5,0.1925
532,-1,115.2,239.7,75.0,83.1,0.6920
532,-1,119.9,271.9,55.8,43.1,0.5177
532,-1,43.8,155.4,213.7,246.0,0.1740
533,-1,110.5,240.1,77.1,81.4,0.5643
533,-1,119.1,270.9,55.7,43.9,0.4907
533,-1,43.5,156.3,211.0,242.5,0.1601
534,-1,108.2,240.8,78.5,84.4,0.5106
534,-1,117.4,271.8,57.6,41.9,0.4996
534,-1,43.2,160.1,209.6,237.1,0.1110
535,-1,108.5,240.3,77.0,82.9,0.5817
535,-1,114.7,268.1,58.0,43.7,0.4385
536,-1,109.0,241.0,74.9,82.4,0.5336
536,-1,114.1,268.3,57.4,43.6,0.4242
537,-1,109.0,240.9,73.7,80.9,0.5411
537,-1,113.6,266.3,58.2,44.4,0.4175
538,-1,108.7,240.2,72.9,78.5,0.5784
538,-1,114.1,269.2,56.6,40.7,0.3415
539,-1,109.2,240.9,72.5,76.9,0.5431
539,-1,114.5,269.0,56.9,40.8,0.3538
539,-1,52.7,169.2,189.5,202.7,0.1154
540,-1,109.6,241.3,72.7,77.2,0.4897
540,-1,114.7,264.7,57.7,44.7,0.3808
540,-1,56.4,170.8,186.4,201.4,0.1201
541,-1,110.5,242.7,72.8,77.6,0.4359
541,-1,115.5,263.4,58.9,46.4,0.3996
541,-1,58.3,173.2,185.5,203.0,0.1183
542,-1,117.0,264.4,57.3,44.7,0.4078
542,-1,112.4,242.6,71.5,76.8,0.3767
542,-1,60.7,174.9,183.2,199.3,0.1069
543,-1,117.5,264.3,57.1,44.5,0.3710
543,-1,113.2,242.9,71.4,75.3,0.3606
544,-1,114.4,242.8,70.6,74.1,0.3263
544,-1,118.1,263.0,56.8,45.1,0.2548
545,-1,118.6,250.4,61.9,55.7,0.2646
546,-1,120.2,251.4,60.6,54.1,0.2869
547,-1,121.3,250.3,60.3,55.6,0.2999
547,-1,115.9,242.3,72.0,80.1,0.1098
548,-1,122.5,250.6,60.3,55.9,0.2890
549,-1,123.1,252.0,59.5,53.9,0.2928
550,-1,122.9,249.9,60.3,54.8,0.2948
551,-1,123.9,250.3,59.1,53.0,0.2785
552,-1,123.7,241.9,63.0,66.1,0.1720
553,-1,125.4,248.4,57.7,52.6,0.1560
554,-1,126.8,242.8,58.6,56.2,0.1869
555,-1,127.1,241.9,58.2,54.2,0.3047
555,-1,167.0,9.2,345.0,355.4,0.1794
556,-1,127.6,241.9,58.2,54.1,0.3395
556,-1,185.5,50.0,326.5,394.2,0.1401
556,-1,335.9,89.0,176.1,249.4,0.1110
557,-1,128.7,242.6,57.6,53.4,0.2982
557,-1,214.6,85.8,297.4,331.2,0.1899
558,-1,127.8,242.2,57.8,52.9,0.3510
558,-1,174.4,75.9,334.2,343.7,0.1587
559,-1,127.9,242.6,57.5,52.6,0.3358
559,-1,184.1,89.0,318.2,322.1,0.1764
559,-1,102.2,194.2,134.6,143.5,0.1022
560,-1,129.6,242.6,56.0,52.1,0.3350
560,-1,195.8,95.5,299.4,307.6,0.1598
560,-1,102.1,192.8,134.2,145.6,0.1479
561,-1,130.6,243.1,55.5,51.8,0.3594
561,-1,162.6,91.6,318.7,311.3,0.1990
561,-1,102.2,193.3,133.7,145.7,0.1672
562,-1,131.3,243.3,54.8,51.6,0.3801
562,-1,172.4,100.2,295.0,284.3,0.2439
562,-1,102.3,193.1,132.8,146.4,0.2152
563,-1,131.3,242.5,54.4,51.2,0.3479
563,-1,103.0,193.1,130.6,145.2,0.2222
563,-1,178.8,103.7,279.1,275.8,0.2170
564,-1,131.4,242.7,54.2,51.0,0.3399
564,-1,132.4,98.4,321.5,288.7,0.2546
564,-1,103.1,193.4,128.6,144.2,0.2447
565,-1,131.4,241.8,53.9,51.0,0.3009
565,-1,139.0,114.3,303.5,266.1,0.2896
565,-1,103.6,193.3,127.0,141.5,0.2149
566,-1,131.9,242.2,53.6,50.8,0.3171
566,-1,147.2,121.0,287.1,256.5,0.2628
566,-1,104.3,193.8,125.2,141.2,0.2552
567,-1,132.4,242.7,53.3,50.6,0.3774
567,-1,105.1,194.6,123.8,140.6,0.2692
567,-1,100.2,121.5,331.2,269.0,0.2052
568,-1,132.5,243.9,53.9,49.9,0.4158
568,-1,105.6,196.6,123.1,139.6,0.2779
568,-1,104.9,124.0,319.0,259.1,0.2273
569,-1,133.0,244.1,54.0,49.9,0.3903
569,-1,107.1,197.1,122.1,138.5,0.2607
569,-1,112.5,126.6,305.5,249.2,0.2327
569,-1,44.0,119.8,411.7,334.5,0.1033
570,-1,134.2,244.2,53.4,50.1,0.3676
570,-1,118.6,127.9,292.7,242.1,0.2418
570,-1,108.5,197.6,121.7,137.8,0.2351
570,-1,45.9,121.2,387.4,328.7,0.1302
571,-1,135.2,245.5,53.9,49.0,0.3082
571,-1,108.8,198.8,122.6,139.2,0.2075
571,-1,122.5,129.4,284.4,240.8,0.2003
571,-1,46.8,122.7,376.1,326.6,0.1431
572,-1,138.0,246.9,52.1,48.3,0.2769
572,-1,48.9,125.1,366.1,315.7,0.1741
572,-1,109.2,199.0,123.7,140.4,0.1728
572,-1,123.8,130.9,279.8,240.3,0.1653
573,-1,139.1,244.6,52.1,48.8,0.3883
573,-1,52.2,131.2,358.1,296.7,0.1812
573,-1,109.8,199.5,123.8,137.6,0.1388
574,-1,139.3,245.6,53.2,47.8,0.3449
574,-1,55.5,138.3,352.1,282.1,0.1949
574,-1,112.5,202.8,121.2,133.1,0.1104
575,-1,140.4,246.0,52.9,50.0,0.3244
575,-1,58.2,143.1,347.4,270.1,0.1945
575,-1,113.1,204.3,121.0,131.3,0.1181
576,-1,141.8,247.1,52.2,49.3,0.3390
576,-1,61.4,147.7,341.7,262.8,0.1996
576,-1,116.6,204.8,116.6,126.7,0.1337
577,-1,143.4,247.7,51.6,49.2,0.2944
577,-1,64.7,149.5,335.6,257.0,0.2168
577,-1,117.2,205.8,116.8,126.6,0.1666
578,-1,145.0,247.6,51.3,48.4,0.3135
578,-1,68.0,150.9,329.8,252.7,0.2385
578,-1,118.7,206.2,116.3,128.1,0.1895
579,-1,144.0,247.7,54.5,48.9,0.2922
579,-1,72.9,152.0,322.1,244.6,0.2476
579,-1,120.3,207.4,115.7,129.8,0.1877
579,-1,22.9,142.0,407.8,335.1,0.1243
580,-1,144.0,247.5,54.7,48.6,0.2716
580,-1,79.8,153.9,310.6,233.7,0.2472
580,-1,121.6,207.8,114.2,130.2,0.1757
580,-1,28.0,143.6,395.2,322.7,0.1696
581,-1,144.8,246.7,53.7,48.9,0.2802
581,-1,87.0,155.7,297.2,224.9,0.2414
581,-1,34.7,147.8,375.0,307.0,0.2043
581,-1,122.6,208.5,113.1,130.5,0.1738
582,-1,47.4,154.3,352.8,282.8,0.2383
582,-1,144.7,247.7,54.3,48.7,0.2283
582,-1,122.9,210.6,113.0,127.5,0.1350
583,-1,161.4,154.1,303.4,226.3,0.2884
583,-1,207.4,206.4,104.1,121.6,0.2295
583,-1,226.3,240.2,51.4,48.1,0.1873
584,-1,209.3,147.8,302.7,273.7,0.2674
584,-1,293.7,234.4,56.1,50.7,0.2264
585,-1,359.0,228.3,55.9,50.4,0.2485
585,-1,338.8,192.1,111.0,121.5,0.1246
585,-1,266.7,38.9,244.4,358.0,0.1071
586,-1,419.5,222.8,56.5,48.1,0.2977
587,-1,432.2,172.0,79.5,151.0,0.3136
587,-1,473.3,214.8,38.7,53.4,0.2385
587,-1,259.2,7.4,245.5,278.2,0.1832
587,-1,0.0,8.8,200.1,328.9,0.1516
587,-1,454.4,191.9,57.4,123.8,0.1249
587,-1,389.7,136.3,121.8,208.8,0.1140
588,-1,280.7,25.3,231.3,388.3,0.3292
588,-1,2.0,4.5,237.7,342.5,0.2620
589,-1,313.2,16.7,195.9,317.4,0.4595
589,-1,3.0,3.9,274.3,351.7,0.2920
590,-1,349.6,32.2,162.4,332.6,0.4119
590,-1,0.0,113.2,88.1,161.4,0.1745
591,-1,0.0,108.6,123.4,163.9,0.2517
591,-1,380.7,23.5,131.3,353.4,0.1199
592,-1,8.5,130.9,74.3,106.6,0.3746
593,-1,34.2,133.0,70.0,97.7,0.4775
594,-1,51.4,133.9,73.5,99.9,0.4135
595,-1,64.5,134.4,76.5,102.8,0.3514
596,-1,75.7,135.4,76.9,102.0,0.3849
597,-1,85.9,135.5,68.4,98.3,0.3138
598,-1,87.9,134.6,77.8,103.8,0.3550
599,-1,90.4,134.5,77.8,104.8,0.2942
600,-1,90.5,136.9,75.1,103.6,0.3158
601,-1,88.8,137.6,75.4,104.1,0.3492
602,-1,86.9,140.9,73.4,105.5,0.3660
603,-1,84.1,140.9,73.9,106.4,0.3369
604,-1,76.5,142.0,77.9,113.3,0.2970
605,-1,71.6,144.5,82.2,111.6,0.2959
605,-1,64.5,131.9,109.2,141.8,0.1298
606,-1,69.9,146.4,81.4,113.7,0.2699
607,-1,64.0,145.7,87.3,121.8,0.2305
608,-1,56.9,147.5,98.6,135.9,0.1766
609,-1,51.6,144.3,112.0,149.5,0.2069
610,-1,54.8,154.6,94.0,130.4,0.1448
610,-1,47.6,141.1,132.4,160.8,0.1429
611,-1,41.0,145.5,130.8,158.1,0.1901
611,-1,0.0,86.8,339.3,425.2,0.1054
611,-1,50.9,157.9,96.2,127.9,0.1052
612,-1,51.1,178.7,56.0,74.0,0.1545
612,-1,42.1,150.6,124.6,158.9,0.1240
613,-1,39.0,152.3,141.2,162.7,0.1703
613,-1,50.9,178.6,57.5,79.8,0.1035
614,-1,56.3,188.2,54.7,75.0,0.1363
614,-1,41.8,158.0,134.0,162.8,0.1315
615,-1,58.2,190.3,61.5,77.4,0.1861
615,-1,47.5,160.5,144.5,164.7,0.1442
616,-1,60.4,193.3,59.7,79.1,0.2807
616,-1,45.8,164.6,144.2,165.9,0.1411
617,-1,61.9,192.9,66.4,82.7,0.2185
618,-1,69.7,197.8,60.0,79.8,0.3214
619,-1,74.9,198.3,63.5,79.9,0.3111
620,-1,78.5,197.0,70.0,89.2,0.3401
621,-1,84.8,197.9,72.0,87.2,0.3764
622,-1,88.2,198.4,72.8,86.9,0.4900
623,-1,96.0,198.1,73.3,88.7,0.5490
624,-1,100.1,197.6,73.3,87.4,0.6122
625,-1,107.6,195.9,74.4,88.9,0.7059
625,-1,70.6,142.3,245.7,299.7,0.1156
626,-1,112.1,192.1,76.1,91.1,0.5815
626,-1,71.5,142.4,250.4,288.1,0.1474
627,-1,118.3,190.9,76.7,93.1,0.7459
627,-1,75.3,141.0,250.6,284.0,0.1355
628,-1,122.6,188.6,78.7,93.8,0.6150
628,-1,76.4,136.1,260.4,291.8,0.1849
629,-1,127.1,185.0,79.4,94.0,0.6780
629,-1,90.4,137.8,260.0,289.9,0.1888
630,-1,131.3,181.8,79.6,97.0,0.7716
630,-1,91.2,129.6,267.9,302.7,0.2176
631,-1,133.8,177.9,84.4,96.5,0.6411
631,-1,92.3,121.4,275.9,315.2,0.2889
632,-1,137.2,175.4,82.5,98.6,0.7149
632,-1,92.0,107.4,291.6,334.1,0.2764
633,-1,139.0,171.3,84.6,98.9,0.7706
633,-1,93.0,108.2,309.6,342.3,0.2448
634,-1,139.9,167.1,88.5,101.9,0.7366
634,-1,94.1,99.2,326.7,358.8,0.2214
635,-1,140.0,165.1,91.8,103.8,0.6984
635,-1,95.1,95.9,334.1,366.1,0.2239
636,-1,139.8,162.7,94.0,104.4,0.6947
636,-1,96.1,86.6,338.9,381.4,0.2018
637,-1,139.8,155.2,99.2,109.8,0.7218
637,-1,97.9,96.6,278.2,363.5,0.1775
638,-1,140.0,149.0,98.7,115.5,0.7122
638,-1,98.1,100.2,276.0,344.0,0.1921
638,-1,108.1,63.7,352.0,442.2,0.1390
639,-1,139.9,150.1,102.2,115.3,0.6911
639,-1,99.1,100.6,272.9,312.7,0.1874
639,-1,108.1,66.4,352.9,439.4,0.1164
640,-1,137.9,148.6,105.3,118.5,0.7076
640,-1,98.6,101.4,275.8,310.5,0.1878
641,-1,135.5,146.1,108.6,121.9,0.7080
641,-1,97.7,101.7,270.7,297.9,0.1957
642,-1,133.5,143.7,111.0,124.6,0.6955
642,-1,97.0,95.4,281.7,322.9,0.2202
643,-1,128.7,140.2,116.6,129.7,0.7047
643,-1,96.1,94.0,283.2,325.8,0.2659
644,-1,125.8,137.5,120.1,133.6,0.7127
644,-1,94.6,89.2,292.1,342.5,0.2810
645,-1,120.9,135.3,125.6,138.7,0.6871
645,-1,89.7,80.7,343.3,390.6,0.2971
646,-1,117.3,134.4,128.6,144.9,0.6836
646,-1,87.6,78.5,345.9,400.4,0.3334
647,-1,112.8,133.2,133.4,148.4,0.6606
647,-1,84.8,85.2,349.8,398.9,0.3364
647,-1,168.6,138.9,71.1,139.5,0.1326
648,-1,107.6,132.7,134.5,154.5,0.6313
648,-1,70.0,94.9,340.7,385.5,0.3228
649,-1,104.2,132.5,137.6,158.0,0.5962
649,-1,66.1,92.1,344.9,394.5,0.3151
650,-1,98.3,132.8,143.1,162.1,0.5745
650,-1,64.0,88.5,346.4,394.7,0.2718
651,-1,92.8,126.2,148.1,159.4,0.5437
651,-1,58.3,78.6,354.3,403.6,0.1998
652,-1,89.7,125.7,150.4,165.2,0.4942
652,-1,55.0,67.5,356.6,425.9,0.1894
652,-1,59.4,120.5,185.6,226.8,0.1631
653,-1,75.9,125.0,166.2,173.0,0.4705
653,-1,43.7,58.4,366.8,447.0,0.1025
654,-1,65.8,124.2,172.8,203.1,0.5036
654,-1,82.5,143.5,127.4,150.4,0.2271
655,-1,64.2,119.8,175.1,211.1,0.5196
655,-1,80.7,139.8,131.0,155.9,0.2693
656,-1,63.2,117.3,176.5,212.9,0.5423
656,-1,76.6,139.4,133.6,157.1,0.3025
656,-1,78.7,181.5,85.0,114.8,0.1332
657,-1,62.1,115.7,179.5,215.3,0.5526
657,-1,75.0,144.1,122.0,153.7,0.2868
657,-1,77.6,175.1,86.2,122.3,0.1570
658,-1,62.8,113.5,180.0,215.9,0.5585
658,-1,76.4,148.5,106.3,149.8,0.2463
659,-1,62.3,110.4,182.8,220.9,0.5735
659,-1,75.0,154.3,103.8,147.1,0.1859
660,-1,61.2,103.6,186.8,228.3,0.5707
660,-1,76.3,148.4,98.7,155.5,0.1439
661,-1,69.4,101.3,185.1,222.6,0.5842
661,-1,79.1,152.9,94.7,149.9,0.1275
662,-1,69.4,96.4,188.3,224.8,0.5860
663,-1,70.1,91.7,190.0,229.3,0.5892
663,-1,90.8,102.7,80.1,84.2,0.1626
664,-1,70.5,89.3,196.1,231.8,0.5816
665,-1,70.2,76.3,206.4,244.8,0.5764
665,-1,96.7,91.7,81.1,86.1,0.1277
666,-1,70.5,67.9,216.2,253.4,0.5627
666,-1,98.4,85.8,85.6,92.6,0.3546
667,-1,71.4,60.7,224.1,256.6,0.5631
667,-1,99.4,82.5,88.2,92.4,0.3432
668,-1,71.6,63.7,231.4,258.1,0.5374
668,-1,103.8,81.6,65.4,81.4,0.2149
668,-1,100.8,78.1,92.8,102.6,0.1255
669,-1,70.9,63.9,239.7,259.1,0.4885
669,-1,100.6,74.5,96.9,108.2,0.1662
669,-1,103.6,78.2,67.4,87.6,0.1319
670,-1,72.4,64.6,236.8,267.1,0.4336
670,-1,105.4,75.1,70.1,92.5,0.2099
670,-1,100.8,72.4,99.7,112.6,0.2017
671,-1,72.4,60.5,241.6,272.6,0.2900
671,-1,106.3,69.6,72.0,94.4,0.2608
672,-1,88.1,49.4,239.5,284.6,0.3005
672,-1,110.4,67.1,102.1,117.3,0.1764
673,-1,87.1,47.2,255.0,292.1,0.2268
673,-1,122.0,68.6,61.1,85.7,0.1518
674,-1,88.2,45.8,258.4,301.9,0.2583
674,-1,120.8,63.1,71.0,95.2,0.1408
675,-1,116.9,60.5,108.1,124.7,0.2644
675,-1,87.2,42.0,267.1,312.7,0.2241
675,-1,121.3,63.5,72.3,99.8,0.1862
676,-1,118.1,62.0,107.0,123.9,0.3516
676,-1,86.0,37.1,278.2,322.3,0.1721
676,-1,123.4,63.2,74.0,102.2,0.1389
677,-1,126.9,66.7,70.0,105.0,0.2801
677,-1,112.5,52.1,115.8,140.8,0.2155
677,-1,81.6,24.3,319.2,345.2,0.1038
678,-1,126.8,64.9,72.3,106.8,0.4037
678,-1,111.7,49.9,119.6,145.0,0.2074
678,-1,80.9,0.0,335.4,376.6,0.1007
679,-1,127.9,64.5,70.8,107.1,0.2929
679,-1,113.0,53.0,116.8,144.0,0.2252
680,-1,129.7,65.6,70.4,105.7,0.2948
680,-1,112.4,49.6,120.8,147.8,0.2470
681,-1,114.2,47.7,119.2,151.5,0.2572
681,-1,131.0,66.7,70.4,105.1,0.2312
682,-1,138.0,68.0,61.0,66.2,0.3235
682,-1,116.2,45.4,120.4,158.6,0.2578
682,-1,132.4,62.0,71.4,98.5,0.2075
683,-1,138.7,67.2,62.0,70.4,0.3445
683,-1,117.1,47.0,117.9,159.5,0.2893
683,-1,127.8,66.3,83.4,121.0,0.1169
684,-1,116.4,46.1,121.9,160.7,0.3235
684,-1,138.5,68.4,64.3,69.7,0.2825
685,-1,115.7,46.8,123.0,149.3,0.4226
685,-1,133.9,70.1,70.8,94.9,0.1299
686,-1,113.9,47.5,120.5,147.0,0.4733
686,-1,131.3,70.2,72.8,96.3,0.1670
686,-1,255.3,256.4,164.1,166.5,0.1110
686,-1,89.0,33.1,159.8,189.5,0.1008
687,-1,111.0,49.1,119.7,150.9,0.4993
687,-1,128.9,70.1,76.5,99.1,0.1679
687,-1,87.6,34.5,160.9,188.5,0.1273
688,-1,110.2,49.3,123.0,156.0,0.4452
688,-1,124.2,68.4,82.8,104.2,0.2760
689,-1,108.1,54.3,122.9,151.8,0.5102
689,-1,122.4,70.3,84.3,102.4,0.2300
689,-1,395.3,364.6,47.9,66.2,0.1860
690,-1,102.1,45.5,132.1,160.9,0.4435
690,-1,401.5,370.0,53.1,69.6,0.3780
690,-1,426.7,371.0,22.7,14.6,0.2778
690,-1,116.4,64.3,91.4,110.3,0.2255
691,-1,431.9,375.6,25.0,16.0,0.3676
691,-1,98.8,47.0,131.9,166.0,0.3343
691,-1,112.3,63.9,96.0,102.2,0.2581
692,-1,437.1,379.1,29.2,17.5,0.5163
692,-1,78.4,43.0,170.2,182.1,0.2959
692,-1,103.1,60.9,105.0,102.4,0.2433
693,-1,438.7,383.4,33.2,15.9,0.4227
693,-1,97.1,53.5,112.6,119.1,0.3875
693,-1,72.6,42.2,175.4,183.6,0.3183
694,-1,85.8,48.6,125.8,117.4,0.5488
694,-1,437.9,389.5,30.9,15.0,0.2601
694,-1,66.1,28.1,182.1,197.4,0.2542
695,-1,73.1,43.2,133.4,119.6,0.5349
695,-1,58.2,33.8,169.1,188.5,0.3947
695,-1,438.6,390.2,31.7,15.9,0.1939
696,-1,59.7,39.0,139.1,119.6,0.5492
696,-1,41.7,29.9,188.7,210.1,0.2897
696,-1,439.4,392.5,33.9,15.1,0.1010
697,-1,45.4,33.4,149.1,125.5,0.2779
697,-1,23.8,18.0,202.1,217.4,0.2583
698,-1,10.2,15.1,218.1,247.8,0.2769
698,-1,34.8,33.2,155.6,126.6,0.1988
699,-1,9.7,16.3,216.6,238.2,0.3714
699,-1,28.8,33.2,162.0,125.9,0.1473
700,-1,7.9,23.3,216.2,251.8,0.3378
700,-1,29.6,37.2,156.8,132.9,0.1940
701,-1,5.1,23.6,234.7,266.6,0.5132
701,-1,119.7,53.4,73.3,117.7,0.1144
702,-1,0.9,25.5,245.0,286.8,0.5328
702,-1,20.7,46.7,168.5,135.9,0.2237
703,-1,0.0,34.6,263.7,299.5,0.5301
703,-1,16.4,47.9,207.6,196.9,0.2330
704,-1,0.0,56.5,263.5,285.7,0.6056
704,-1,13.2,58.4,215.9,188.1,0.3221
704,-1,133.1,82.4,75.5,119.1,0.1671
705,-1,0.0,65.2,263.2,288.3,0.6111
705,-1,15.8,71.6,215.8,186.5,0.3927
705,-1,135.4,87.5,81.2,125.8,0.1561
706,-1,1.3,71.1,277.9,284.9,0.6453
706,-1,20.1,75.8,226.4,198.0,0.4599
706,-1,128.4,91.9,96.1,130.5,0.1714
707,-1,17.5,84.1,252.1,224.7,0.5925
707,-1,0.0,66.8,320.9,318.6,0.3052
707,-1,21.0,93.4,173.6,138.9,0.1588
707,-1,138.5,99.6,93.7,131.4,0.1230
708,-1,18.9,94.9,250.6,211.9,0.5955
708,-1,0.0,82.7,320.8,320.9,0.3897
708,-1,22.6,97.0,174.4,145.0,0.2048
709,-1,16.5,93.4,282.8,231.4,0.6448
709,-1,31.9,105.7,169.9,140.6,0.1290
710,-1,27.7,100.6,256.9,172.5,0.5775
710,-1,13.6,92.4,321.0,248.7,0.4106
710,-1,35.2,107.7,171.5,145.6,0.1953
710,-1,220.0,442.6,291.9,69.4,0.1295
711,-1,37.8,109.2,265.9,222.7,0.6805
711,-1,0.0,89.5,334.6,324.3,0.1287
711,-1,43.3,117.7,168.7,143.8,0.1057
712,-1,41.1,119.7,277.3,217.2,0.6387
712,-1,45.8,120.9,165.8,146.5,0.1747
712,-1,3.2,99.0,322.4,311.7,0.1673
713,-1,45.2,121.0,283.7,205.2,0.6459
713,-1,30.6,111.3,343.6,294.8,0.3811
713,-1,54.7,127.0,133.4,143.4,0.1471
714,-1,63.9,125.2,279.9,239.1,0.6544
714,-1,58.6,126.6,227.1,172.6,0.1660
714,-1,68.3,139.1,152.4,150.3,0.1201
715,-1,71.4,147.1,287.5,190.3,0.6499
715,-1,40.1,130.4,378.4,251.9,0.2210
715,-1,80.0,147.5,127.4,151.2,0.1110
716,-1,84.0,149.7,287.9,248.1,0.6833
716,-1,85.5,156.1,120.6,154.1,0.1429
716,-1,180.3,151.1,160.0,155.9,0.1027
717,-1,84.9,149.2,302.2,175.6,0.5994
717,-1,78.6,147.5,169.7,167.8,0.2437
717,-1,187.2,154.0,163.8,148.3,0.1170
718,-1,85.2,147.4,329.6,190.5,0.4443
718,-1,79.3,147.9,167.5,178.4,0.2274
718,-1,212.6,155.5,149.3,151.0,0.1450
718,-1,91.4,162.8,113.3,155.4,0.1307
719,-1,76.7,150.3,290.3,176.2,0.3459
720,-1,73.6,148.6,277.6,182.3,0.3410
720,-1,87.8,141.4,333.9,262.6,0.1047
721,-1,69.8,147.3,210.5,187.2,0.3917
721,-1,80.1,146.7,349.4,193.2,0.1642
721,-1,81.5,175.8,99.2,153.3,0.1167
721,-1,253.8,149.6,140.9,171.6,0.1050
722,-1,65.9,141.9,207.6,198.9,0.4060
722,-1,149.1,132.9,278.3,227.9,0.2092
722,-1,268.1,147.9,138.2,159.8,0.1338
722,-1,77.8,132.5,361.7,295.1,0.1230
722,-1,79.0,183.4,89.4,150.4,0.1227
723,-1,60.4,129.4,255.6,214.3,0.3665
723,-1,204.5,132.5,229.9,220.3,0.2368
723,-1,282.2,146.8,136.6,145.8,0.1324
723,-1,113.0,124.3,347.3,310.4,0.1088
723,-1,69.6,178.7,96.9,159.3,0.1055
724,-1,43.7,119.3,270.2,225.9,0.3693
724,-1,195.3,127.4,256.0,222.9,0.3032
724,-1,60.6,180.8,92.7,161.1,0.1684
724,-1,107.1,321.6,111.5,25.6,0.1570
725,-1,188.3,124.7,273.7,229.0,0.2904
725,-1,39.2,112.4,264.9,238.4,0.2113
725,-1,367.9,174.7,50.9,50.1,0.1228
725,-1,121.2,115.9,359.0,302.0,0.1170
725,-1,337.6,167.9,91.0,98.2,0.1096
725,-1,54.4,178.0,95.6,167.0,0.1076
726,-1,237.9,121.4,238.6,225.7,0.2462
726,-1,339.1,159.8,98.4,108.7,0.1769
726,-1,27.4,115.5,208.2,242.9,0.1604
726,-1,45.1,177.4,97.5,173.5,0.1459
727,-1,231.2,116.6,265.3,234.4,0.3115
727,-1,18.5,114.7,286.5,248.7,0.1663
727,-1,340.4,156.4,109.1,114.9,0.1331
728,-1,412.0,185.5,39.5,34.0,0.3294
728,-1,345.9,155.8,115.5,117.1,0.2001
728,-1,240.9,108.4,271.1,309.1,0.1913
728,-1,395.8,168.4,55.5,50.5,0.1834
728,-1,7.0,106.6,246.1,263.8,0.1801
729,-1,423.7,188.3,40.2,32.0,0.4172
729,-1,411.3,170.3,52.6,50.1,0.2417
729,-1,349.1,148.7,125.9,127.5,0.2400
729,-1,3.2,90.6,198.2,280.2,0.1143
729,-1,225.6,102.6,286.4,341.7,0.1005
730,-1,431.2,183.7,42.7,38.9,0.5134
730,-1,356.8,147.0,130.5,131.9,0.3508
730,-1,420.5,169.0,53.5,53.7,0.3427
730,-1,0.0,87.4,292.7,298.3,0.1211
731,-1,435.0,164.7,57.4,57.6,0.4641
731,-1,366.5,136.2,135.4,144.5,0.3397
731,-1,399.7,155.5,96.6,92.9,0.1111
732,-1,457.5,178.3,49.0,41.0,0.4273
732,-1,445.6,158.3,60.8,61.0,0.3719
732,-1,384.3,134.1,127.7,145.3,0.2716
732,-1,404.2,149.2,106.5,85.0,0.1853
732,-1,0.0,92.3,184.9,276.1,0.1050
733,-1,394.2,124.7,117.8,159.6,0.4569
733,-1,166.6,3.9,345.4,369.9,0.2261
733,-1,1.4,61.7,164.7,152.7,0.1390
734,-1,162.8,4.4,346.7,325.3,0.2096
734,-1,0.0,0.0,300.3,235.0,0.1534
735,-1,0.0,0.0,299.7,240.0,0.1468
735,-1,160.9,2.5,351.1,295.1,0.1358
736,-1,6.1,170.1,66.8,36.1,0.3228
736,-1,192.6,1.4,314.6,180.1,0.3101
737,-1,21.2,165.3,60.8,35.7,0.4778
737,-1,200.1,0.9,303.3,170.3,0.4108
737,-1,20.6,165.8,37.3,31.0,0.1345
737,-1,131.2,0.8,380.8,212.0,0.1060
738,-1,34.7,163.0,41.6,31.7,0.5763
738,-1,210.8,0.9,291.6,162.8,0.4292
738,-1,10.2,196.4,56.4,30.3,0.4162
738,-1,35.2,163.2,65.9,38.3,0.2625
739,-1,51.3,160.7,42.1,33.3,0.4339
739,-1,50.5,159.4,65.0,41.0,0.3736
739,-1,214.5,1.1,288.1,158.6,0.3466
740,-1,66.7,155.9,46.8,33.4,0.3802
740,-1,65.2,156.0,67.9,41.9,0.3644
740,-1,214.1,1.2,290.0,159.3,0.1628
741,-1,83.2,152.2,48.8,34.6,0.5359
741,-1,79.1,152.9,70.4,45.1,0.1330
742,-1,98.4,149.6,49.5,36.3,0.5599
742,-1,93.6,149.6,65.9,45.8,0.2528
742,-1,78.3,191.1,52.6,36.2,0.1457
743,-1,108.7,144.2,59.6,44.8,0.4343
744,-1,123.2,138.7,54.9,39.4,0.5090
745,-1,124.0,130.2,70.3,51.4,0.4504
746,-1,134.5,123.1,74.3,53.8,0.5123
747,-1,158.1,111.5,71.8,55.8,0.6195
747,-1,0.0,233.7,101.4,185.8,0.1083
748,-1,191.6,99.6,59.1,60.4,0.5738
748,-1,1.5,257.9,105.8,109.7,0.2504
749,-1,197.0,85.4,76.2,67.0,0.6728
749,-1,187.9,152.7,51.3,41.2,0.3326
749,-1,0.4,245.3,127.8,125.9,0.1866
749,-1,1.4,265.4,97.7,84.9,0.1411
750,-1,229.7,73.5,65.1,69.5,0.6068
750,-1,206.1,146.4,52.1,36.8,0.4339
750,-1,15.0,270.4,60.1,70.9,0.3241
750,-1,1.0,230.9,151.0,150.9,0.1691
751,-1,233.9,59.7,79.8,75.1,0.6425
751,-1,219.5,137.6,55.3,38.4,0.3407
751,-1,26.8,274.1,52.5,67.6,0.2950
751,-1,4.3,227.4,159.8,163.4,0.2217
751,-1,22.2,266.2,71.6,82.9,0.1049
752,-1,233.5,43.6,100.8,82.9,0.7186
752,-1,234.2,129.5,58.0,39.2,0.3928
752,-1,34.5,272.9,56.1,68.9,0.3038
752,-1,7.7,225.5,166.4,167.7,0.2911
753,-1,247.4,30.8,107.7,83.9,0.4414
753,-1,245.9,118.2,62.8,40.5,0.3735
753,-1,12.2,221.9,172.2,172.0,0.3321
753,-1,285.5,34.1,68.4,78.3,0.2916
753,-1,42.9,272.8,55.8,70.3,0.1861
754,-1,262.3,15.8,109.5,83.4,0.5873
754,-1,44.1,272.2,60.6,74.9,0.3328
754,-1,13.2,218.2,178.0,178.5,0.3150
754,-1,254.0,105.6,72.3,46.3,0.1331
755,-1,43.4,273.5,60.9,76.0,0.4566
755,-1,11.9,215.7,181.3,181.5,0.3330
755,-1,262.3,89.6,80.5,54.9,0.3164
755,-1,265.9,5.9,120.4,79.2,0.2641
756,-1,42.8,274.8,62.0,76.3,0.5636
756,-1,269.2,74.2,86.6,51.3,0.4553
756,-1,11.0,213.1,183.6,184.1,0.3322
757,-1,283.4,54.5,92.6,53.9,0.6143
757,-1,40.6,274.2,62.4,78.2,0.5850
757,-1,10.3,209.2,188.6,192.1,0.3188
