1,-1,208.2,180.8,117.8,156.2,0.5308
1,-1,115.5,6.6,333.3,389.7,0.1305
2,-1,208.9,180.2,119.3,155.9,0.5555
2,-1,113.3,5.5,338.5,391.0,0.1396
3,-1,210.4,180.4,120.7,156.4,0.5703
3,-1,110.5,4.9,343.2,392.3,0.1364
4,-1,212.1,181.9,120.1,153.3,0.5914
4,-1,108.3,5.0,345.3,392.6,0.1240
5,-1,213.9,186.3,119.0,149.7,0.5595
5,-1,106.7,4.7,348.8,393.1,0.1113
6,-1,216.5,193.1,117.5,145.2,0.4913
7,-1,214.4,184.5,128.2,165.0,0.4262
7,-1,230.3,202.8,100.3,121.4,0.1148
8,-1,218.5,189.0,124.4,159.7,0.5057
9,-1,220.8,195.0,121.7,154.3,0.5909
10,-1,217.7,194.3,131.7,164.2,0.4902
11,-1,220.8,200.9,126.9,161.6,0.5350
12,-1,223.6,209.7,122.8,155.3,0.5443
13,-1,218.6,209.5,131.4,165.3,0.5252
14,-1,221.2,217.3,127.3,162.6,0.5019
15,-1,215.1,217.5,136.6,170.8,0.4932
16,-1,217.6,225.2,132.5,167.4,0.4963
16,-1,219.7,255.4,51.9,117.6,0.1150
16,-1,271.2,244.3,68.0,109.3,0.1036
17,-1,211.3,225.1,143.1,175.3,0.4476
18,-1,212.8,229.6,140.8,174.5,0.4384
18,-1,217.6,263.3,52.5,115.8,0.1197
19,-1,215.9,234.6,132.1,177.7,0.4181
19,-1,269.2,256.4,69.3,109.4,0.1171
20,-1,216.7,241.7,130.2,172.1,0.3986
20,-1,215.5,270.4,52.8,115.6,0.1023
20,-1,268.1,258.6,69.3,109.0,0.1007
21,-1,208.5,238.8,139.5,182.2,0.3882
21,-1,266.4,261.9,70.9,111.7,0.1085
22,-1,208.6,240.6,137.8,182.3,0.3948
22,-1,265.4,263.1,71.9,109.9,0.1318
22,-1,213.3,276.6,50.7,114.2,0.1156
23,-1,208.6,241.5,137.2,182.5,0.3588
23,-1,264.8,263.6,72.3,109.0,0.1390
24,-1,206.9,241.6,138.5,182.1,0.3487
24,-1,264.1,263.5,72.3,108.9,0.1228
25,-1,204.8,240.7,140.2,182.6,0.3223
25,-1,207.2,278.1,54.6,113.5,0.1152
25,-1,263.4,263.0,72.6,108.5,0.1094
26,-1,201.3,239.2,144.6,183.2,0.2998
26,-1,205.9,275.8,55.5,116.0,0.1433
26,-1,262.0,261.6,74.0,112.0,0.1078
27,-1,207.0,240.4,129.4,173.4,0.2939
27,-1,183.8,226.0,179.9,210.0,0.1179
27,-1,206.4,271.6,54.2,112.7,0.1165
28,-1,204.1,230.2,140.8,179.3,0.2876
28,-1,264.3,251.7,74.0,107.2,0.1456
28,-1,181.1,207.6,187.2,232.9,0.1316
28,-1,206.0,267.5,56.9,118.2,0.1230
29,-1,201.0,226.6,146.1,181.3,0.2922
29,-1,270.5,249.7,69.5,99.9,0.1511
29,-1,177.3,196.1,194.0,247.1,0.1322
29,-1,205.8,263.2,57.8,115.5,0.1207
30,-1,207.4,220.0,139.4,177.9,0.3102
30,-1,274.2,245.8,66.3,95.6,0.1960
30,-1,206.8,255.4,56.8,116.2,0.1352
30,-1,171.2,188.1,205.5,259.4,0.1102
31,-1,205.5,215.1,143.1,179.1,0.3486
31,-1,272.0,237.4,70.8,99.1,0.2954
31,-1,207.5,249.7,56.0,117.2,0.1350
32,-1,210.5,206.6,137.5,179.3,0.3287
32,-1,275.2,233.2,68.2,93.8,0.2817
32,-1,208.4,241.5,55.7,119.7,0.1238
32,-1,187.3,181.8,185.4,238.8,0.1139
33,-1,208.4,203.0,142.5,178.5,0.3501
33,-1,275.3,225.0,72.1,97.8,0.2774
33,-1,211.6,236.2,58.2,118.1,0.1081
34,-1,278.8,219.2,71.3,95.4,0.3404
34,-1,213.3,194.2,134.6,180.6,0.2807
34,-1,212.3,229.4,57.4,117.9,0.1501
35,-1,279.8,213.0,73.3,97.8,0.2989
35,-1,212.9,191.1,135.5,179.9,0.2841
35,-1,213.0,225.0,56.6,116.0,0.1649
36,-1,282.1,209.5,73.2,97.4,0.3610
36,-1,211.7,192.2,137.7,175.2,0.2964
36,-1,213.8,219.9,55.8,113.6,0.1839
36,-1,195.4,160.3,184.3,230.9,0.1066
37,-1,284.2,202.8,72.2,99.3,0.4258
37,-1,211.6,178.1,148.0,184.1,0.1925
37,-1,194.2,148.9,196.7,246.9,0.1363
37,-1,214.0,215.6,57.7,121.2,0.1171
38,-1,284.0,198.5,75.0,98.2,0.5238
38,-1,212.4,175.3,147.3,183.0,0.2069
38,-1,192.6,134.7,204.5,267.8,0.1231
39,-1,284.7,195.3,77.4,99.8,0.4207
39,-1,211.9,174.5,148.7,181.4,0.2015
39,-1,191.5,133.9,210.0,270.2,0.1170
40,-1,286.5,189.9,76.6,101.0,0.4218
40,-1,211.6,177.7,148.2,175.0,0.1547
40,-1,218.0,205.7,58.1,115.3,0.1138
40,-1,190.6,134.4,216.1,272.6,0.1117
41,-1,285.6,187.3,79.2,102.1,0.4697
41,-1,215.8,163.9,146.0,187.1,0.1508
41,-1,189.7,130.8,224.6,279.0,0.1019
42,-1,285.4,185.2,80.4,102.1,0.4775
42,-1,214.3,163.7,146.6,186.8,0.1410
43,-1,284.7,183.4,81.5,102.7,0.4960
43,-1,203.6,135.1,193.0,233.1,0.1485
44,-1,284.0,182.3,81.9,102.8,0.4903
44,-1,202.0,135.7,193.7,232.0,0.1799
45,-1,283.2,181.1,82.1,102.7,0.4897
45,-1,199.7,133.3,196.1,234.1,0.2028
45,-1,212.5,198.0,58.5,119.9,0.1356
45,-1,212.9,176.4,125.0,174.8,0.1092
46,-1,282.3,178.7,82.4,104.2,0.5215
46,-1,196.9,125.3,204.0,244.0,0.1850
47,-1,278.9,175.6,86.9,107.7,0.5435
47,-1,193.8,113.8,210.5,258.1,0.1648
47,-1,213.5,201.4,55.5,122.6,0.1037
48,-1,277.1,174.3,88.0,109.5,0.5743
48,-1,192.2,110.2,215.0,262.7,0.1732
49,-1,275.7,174.3,88.4,109.7,0.5674
49,-1,190.1,113.2,216.2,261.2,0.1905
50,-1,274.3,174.6,88.8,109.9,0.5680
50,-1,188.1,117.2,216.8,258.8,0.2219
50,-1,207.2,201.8,55.5,119.8,0.1136
51,-1,273.0,173.4,89.3,110.9,0.5778
51,-1,186.9,120.4,217.6,256.3,0.2448
51,-1,205.6,201.2,56.1,118.7,0.1188
52,-1,271.4,171.4,90.2,112.4,0.5961
52,-1,184.5,122.8,225.3,255.3,0.2433
52,-1,201.9,200.2,59.0,127.7,0.1528
53,-1,270.3,169.7,90.4,114.0,0.6210
53,-1,181.7,124.1,234.0,255.7,0.2438
53,-1,200.6,199.5,58.5,128.5,0.1450
54,-1,268.3,166.7,92.7,116.5,0.6259
54,-1,179.5,125.7,240.9,255.0,0.2400
54,-1,198.1,198.8,57.6,126.4,0.2042
55,-1,266.0,165.8,95.0,118.0,0.6332
55,-1,194.9,198.5,58.4,122.3,0.2670
55,-1,177.3,124.8,248.0,257.4,0.2222
56,-1,263.3,164.4,97.4,119.4,0.6341
56,-1,193.0,197.3,58.6,124.8,0.2530
56,-1,174.8,123.1,259.6,260.0,0.2121
57,-1,261.9,162.8,98.8,121.4,0.5951
57,-1,170.8,118.1,274.4,265.0,0.1759
57,-1,188.7,192.6,62.9,140.1,0.1256
58,-1,260.8,159.9,100.9,123.8,0.5896
58,-1,187.5,191.3,63.2,138.8,0.1796
58,-1,169.1,115.1,291.3,270.7,0.1681
59,-1,260.2,157.3,102.4,126.1,0.6029
59,-1,186.4,188.3,62.6,124.8,0.2354
59,-1,167.8,115.4,301.6,271.4,0.1811
59,-1,284.4,165.4,66.5,116.6,0.1012
60,-1,259.7,154.8,103.7,128.6,0.6321
60,-1,184.8,186.7,63.9,123.0,0.3396
60,-1,166.3,114.5,309.6,273.4,0.1841
60,-1,284.1,163.5,69.2,112.5,0.1203
61,-1,258.6,150.5,105.0,130.6,0.6510
61,-1,182.8,186.5,64.8,121.6,0.4394
61,-1,164.9,111.8,318.6,279.0,0.1713
62,-1,258.3,148.1,106.3,132.7,0.6290
62,-1,181.2,184.8,65.6,122.0,0.4891
62,-1,280.7,160.7,73.3,113.9,0.1998
62,-1,163.7,108.2,325.0,286.6,0.1650
63,-1,258.2,143.2,106.9,135.8,0.5826
63,-1,180.1,182.8,66.1,122.5,0.5029
63,-1,283.3,159.7,71.2,113.2,0.2604
63,-1,162.5,105.5,331.3,294.2,0.1552
64,-1,258.1,139.1,108.1,138.7,0.5543
64,-1,178.2,180.3,67.5,125.2,0.5019
64,-1,282.7,157.6,72.7,114.3,0.2849
64,-1,157.2,107.5,276.8,272.2,0.1612
65,-1,258.9,144.0,106.8,130.0,0.6229
65,-1,176.5,178.0,69.0,128.2,0.5036
65,-1,155.8,100.4,285.6,281.0,0.1509
65,-1,287.3,152.9,67.6,113.3,0.1036
66,-1,258.2,139.0,109.3,134.2,0.6493
66,-1,175.6,176.0,69.2,130.2,0.4828
66,-1,285.7,150.6,70.2,115.2,0.1576
66,-1,155.0,76.0,295.1,309.0,0.1339
67,-1,257.3,135.0,111.1,137.7,0.6656
67,-1,174.5,174.2,69.1,132.1,0.4768
67,-1,282.7,148.9,73.8,116.8,0.1743
67,-1,154.0,66.8,301.9,322.5,0.1291
68,-1,257.3,132.9,113.0,140.9,0.6446
68,-1,174.5,172.9,68.2,121.0,0.5043
68,-1,284.3,148.3,73.6,118.2,0.1664
68,-1,153.6,76.7,304.1,314.8,0.1452
69,-1,256.8,130.1,114.2,143.8,0.6117
69,-1,170.6,170.1,71.8,130.2,0.5029
69,-1,287.5,147.9,70.8,118.2,0.1944
69,-1,148.6,84.9,293.9,299.4,0.1646
70,-1,256.4,128.8,114.8,144.9,0.5977
70,-1,168.8,169.0,72.5,130.7,0.5070
70,-1,287.2,147.2,71.5,118.9,0.2152
70,-1,146.6,81.7,297.6,304.4,0.1689
70,-1,155.2,156.5,94.4,197.7,0.1043
71,-1,255.9,127.4,115.7,146.0,0.5753
71,-1,166.1,167.3,74.1,133.2,0.4922
71,-1,287.1,145.4,72.6,121.0,0.2278
71,-1,144.2,76.8,300.2,312.6,0.1448
71,-1,153.3,154.9,94.9,195.7,0.1160
72,-1,255.2,126.7,116.7,146.7,0.5820
72,-1,162.6,165.1,76.7,135.3,0.4427
72,-1,285.4,144.0,75.0,123.0,0.1978
72,-1,140.3,77.4,304.6,314.4,0.1272
72,-1,152.1,153.2,94.3,196.1,0.1118
73,-1,251.2,127.2,117.9,154.0,0.5610
73,-1,161.3,167.1,75.7,129.4,0.4303
73,-1,278.3,139.7,82.4,127.8,0.4045
73,-1,141.7,83.0,332.9,344.3,0.1355
73,-1,148.8,154.1,94.2,192.4,0.1125
74,-1,250.0,125.6,118.5,157.0,0.5739
74,-1,155.9,162.9,80.0,139.1,0.4672
74,-1,279.0,139.1,81.1,128.7,0.3933
74,-1,139.6,82.9,335.6,346.1,0.1316
75,-1,248.6,124.6,119.8,159.5,0.5820
75,-1,151.7,160.0,81.4,142.3,0.5422
75,-1,278.4,139.0,81.3,129.6,0.3744
75,-1,134.9,83.1,348.9,368.6,0.1302
76,-1,246.2,123.1,121.1,160.5,0.5803
76,-1,147.9,159.4,81.3,143.6,0.4926
76,-1,277.4,138.3,80.9,130.3,0.3330
76,-1,130.3,77.9,357.4,381.8,0.1237
77,-1,245.4,122.6,121.4,161.6,0.5725
77,-1,137.1,154.0,92.3,157.0,0.4040
77,-1,277.5,136.9,80.4,131.7,0.3144
77,-1,123.6,59.9,368.2,405.9,0.1019
78,-1,243.5,120.6,121.8,161.2,0.5757
78,-1,138.8,156.5,86.6,149.6,0.4339
78,-1,276.0,134.3,80.2,133.4,0.2215
79,-1,236.0,112.3,127.0,173.3,0.5530
79,-1,129.1,148.7,98.7,162.5,0.4859
79,-1,262.7,131.2,93.6,136.4,0.3732
80,-1,233.9,112.0,127.8,173.6,0.5532
80,-1,124.3,149.2,98.5,163.6,0.4205
80,-1,265.3,131.2,89.0,136.3,0.3756
81,-1,232.1,111.8,128.2,173.6,0.5463
81,-1,119.6,147.5,97.4,165.6,0.4199
81,-1,265.4,131.7,87.0,136.4,0.3531
81,-1,60.6,3.9,374.0,397.3,0.1045
82,-1,230.8,112.4,126.3,173.5,0.5456
82,-1,112.1,142.9,104.9,172.1,0.4240
82,-1,265.3,131.0,84.1,138.1,0.3033
83,-1,229.1,113.8,126.8,174.9,0.4910
83,-1,107.6,142.7,105.3,172.2,0.4263
83,-1,267.1,132.0,80.7,138.2,0.2644
84,-1,220.3,111.1,133.4,178.8,0.4402
84,-1,104.9,143.3,100.2,174.2,0.3791
84,-1,254.3,127.5,95.0,144.8,0.3600
85,-1,218.4,110.8,131.5,180.6,0.4838
85,-1,95.3,141.5,108.5,178.0,0.3967
85,-1,254.3,128.3,90.8,143.9,0.3371
86,-1,216.4,111.9,130.7,180.5,0.4623
86,-1,91.7,144.4,105.6,178.0,0.3419
86,-1,260.0,131.9,80.1,140.2,0.3022
87,-1,212.7,114.4,130.9,178.8,0.3884
87,-1,82.7,141.5,110.1,183.5,0.3481
87,-1,260.4,132.1,76.3,141.6,0.1974
88,-1,205.5,111.5,134.2,182.8,0.3888
88,-1,242.3,127.0,94.6,147.7,0.3359
88,-1,75.2,142.0,115.4,186.2,0.2932
89,-1,202.2,110.3,134.7,185.8,0.3631
89,-1,68.5,142.2,114.3,185.8,0.2974
89,-1,245.7,129.7,85.4,145.7,0.2930
90,-1,197.7,109.5,136.6,186.2,0.3701
90,-1,60.6,143.6,118.1,187.0,0.2753
90,-1,248.2,128.5,78.0,146.6,0.2199
91,-1,195.7,108.9,137.1,187.4,0.3654
91,-1,55.2,143.1,120.7,186.4,0.2714
91,-1,247.9,129.2,77.1,146.3,0.2034
92,-1,194.7,108.6,137.6,188.8,0.3570
92,-1,233.1,120.7,95.1,157.7,0.3185
92,-1,50.0,141.0,119.6,191.7,0.2465
93,-1,194.2,107.5,138.4,190.5,0.3387
93,-1,233.1,121.1,95.4,158.3,0.3007
93,-1,27.1,146.0,143.1,185.0,0.2693
94,-1,189.8,112.9,148.1,178.7,0.3602
94,-1,24.0,150.0,142.1,179.8,0.3149
94,-1,232.8,121.5,95.6,159.0,0.2841
95,-1,19.4,150.6,144.1,184.5,0.3720
95,-1,189.3,113.0,149.1,179.3,0.3650
95,-1,233.8,122.0,95.7,159.6,0.2797
96,-1,18.0,150.9,144.3,185.9,0.4298
96,-1,190.0,112.7,149.2,179.6,0.3875
96,-1,235.0,120.3,97.2,163.0,0.2733
96,-1,0.9,111.8,174.3,259.3,0.1151
97,-1,17.3,148.7,144.7,184.3,0.4638
97,-1,191.4,113.2,149.1,179.4,0.3972
97,-1,248.6,128.4,80.5,153.4,0.2157
97,-1,0.8,113.5,174.3,256.2,0.1225
98,-1,17.0,147.2,145.9,184.6,0.4993
98,-1,195.4,114.0,148.7,180.5,0.4141
98,-1,253.3,128.4,79.9,157.4,0.2487
99,-1,16.7,147.7,148.1,188.8,0.5142
99,-1,199.6,113.5,148.5,182.5,0.4160
99,-1,255.3,127.7,83.5,160.1,0.2249
100,-1,15.8,149.0,150.8,194.2,0.5239
100,-1,204.4,112.2,148.0,184.1,0.3967
100,-1,261.0,129.0,79.1,159.6,0.2691
101,-1,15.5,148.8,153.2,197.4,0.5339
101,-1,207.2,111.0,149.3,185.9,0.3964
101,-1,262.0,127.7,83.4,163.4,0.2360
102,-1,16.2,147.4,154.7,197.5,0.5308
102,-1,210.9,109.5,151.3,189.1,0.3831
102,-1,267.0,128.3,87.0,163.8,0.1790
103,-1,16.6,147.9,157.8,199.7,0.5287
103,-1,211.2,110.2,154.7,189.1,0.4280
103,-1,273.0,129.4,81.7,163.9,0.2482
104,-1,18.6,146.6,159.6,200.1,0.5271
104,-1,214.7,110.1,158.1,191.4,0.4312
104,-1,278.7,129.5,86.1,164.7,0.1745
105,-1,19.5,146.5,161.1,201.6,0.5267
105,-1,221.1,107.8,158.8,194.2,0.3712
105,-1,285.8,130.6,81.7,165.8,0.2217
106,-1,26.0,149.4,159.4,197.1,0.5538
106,-1,227.3,104.9,160.6,198.9,0.3641
106,-1,287.7,128.7,90.7,171.2,0.1548
107,-1,28.2,144.5,157.5,200.8,0.5736
107,-1,233.2,107.9,160.7,200.4,0.3161
107,-1,297.1,130.9,86.0,175.3,0.1509
108,-1,28.5,148.4,162.4,200.3,0.5749
108,-1,236.3,108.0,163.2,207.0,0.3523
109,-1,29.0,148.5,164.6,201.6,0.5663
109,-1,239.6,105.8,167.7,209.9,0.3559
109,-1,321.2,144.9,67.3,92.4,0.1005
110,-1,29.4,148.9,167.1,203.7,0.5660
110,-1,243.4,103.5,170.7,212.6,0.3098
111,-1,29.3,149.2,169.9,206.7,0.5710
111,-1,246.2,100.7,174.2,215.6,0.2848
111,-1,332.7,146.1,66.1,89.8,0.1424
112,-1,29.1,149.7,171.9,208.4,0.5754
112,-1,246.7,99.9,178.7,226.2,0.2757
113,-1,29.2,151.0,173.2,211.5,0.5842
113,-1,249.0,98.7,184.9,230.2,0.2379
113,-1,342.9,144.9,66.7,93.7,0.1259
114,-1,28.1,151.0,175.4,216.4,0.5808
114,-1,264.3,104.7,175.6,218.0,0.2570
114,-1,347.2,145.6,72.0,100.5,0.1763
114,-1,233.1,41.3,219.5,321.2,0.1374
114,-1,308.2,115.1,125.9,179.6,0.1158
115,-1,27.7,152.8,177.0,220.5,0.5761
115,-1,348.1,145.5,76.1,98.4,0.2508
115,-1,242.8,84.3,213.4,263.4,0.2465
115,-1,309.4,111.7,130.5,178.8,0.1213
116,-1,26.5,153.7,178.6,226.8,0.5685
116,-1,264.4,101.8,192.1,245.3,0.3229
116,-1,352.5,147.8,81.1,101.4,0.1058
117,-1,25.7,154.5,180.0,231.5,0.5669
117,-1,266.1,100.0,200.5,244.8,0.3091
117,-1,359.1,147.6,80.5,99.3,0.2685
117,-1,320.7,118.7,137.3,171.0,0.1093
118,-1,25.7,155.7,180.8,234.5,0.5631
118,-1,268.3,98.5,209.9,255.4,0.3282
118,-1,362.3,150.1,85.2,101.8,0.1398
119,-1,25.0,162.5,182.3,232.9,0.5571
119,-1,269.0,98.4,212.7,251.3,0.3493
119,-1,370.0,151.6,84.4,96.3,0.2053
120,-1,24.3,168.6,183.5,231.6,0.5783
120,-1,267.3,96.3,224.1,264.9,0.3756
120,-1,368.8,148.2,98.3,131.9,0.1138
121,-1,23.1,170.1,186.3,235.2,0.5799
121,-1,267.3,95.1,230.9,268.9,0.3772
121,-1,376.6,151.5,91.3,102.5,0.1654
122,-1,21.7,166.2,188.9,239.5,0.5685
122,-1,288.4,99.4,214.6,250.5,0.4084
122,-1,249.0,76.4,260.8,375.4,0.2205
122,-1,376.6,151.2,101.3,111.1,0.1845
122,-1,368.9,142.0,116.0,171.2,0.1442
123,-1,20.2,165.5,191.6,242.7,0.5611
123,-1,287.4,97.2,218.6,265.5,0.4386
123,-1,249.5,67.8,261.9,391.4,0.2545
123,-1,389.0,153.8,91.2,103.5,0.2153
123,-1,374.6,143.8,114.1,183.9,0.1073
124,-1,10.4,159.3,203.3,254.3,0.5545
124,-1,285.8,96.4,222.8,272.5,0.4462
124,-1,388.3,152.3,102.8,108.8,0.2743
124,-1,250.5,62.6,261.5,401.5,0.2585
124,-1,434.2,176.3,48.6,43.7,0.2463
124,-1,412.8,159.3,72.2,92.1,0.1489
125,-1,10.3,154.8,203.7,257.4,0.5577
125,-1,285.9,94.7,223.5,278.0,0.4382
125,-1,396.5,152.9,99.7,106.3,0.3383
125,-1,441.1,179.4,46.9,42.2,0.2588
125,-1,250.5,45.2,261.5,422.0,0.2501
126,-1,9.7,154.2,206.0,258.6,0.5767
126,-1,297.6,95.3,214.4,281.3,0.4242
126,-1,399.0,152.8,108.6,105.9,0.3416
126,-1,444.7,181.7,47.7,41.4,0.2767
126,-1,251.1,41.7,260.9,434.3,0.2287
127,-1,9.0,153.3,206.9,256.4,0.5976
127,-1,401.0,153.4,110.7,106.9,0.4199
127,-1,448.7,183.4,47.4,41.3,0.4140
127,-1,294.8,95.5,217.2,290.8,0.2906
127,-1,252.1,45.6,259.9,431.8,0.1763
128,-1,6.4,151.6,210.6,252.3,0.6207
128,-1,406.5,157.2,105.5,108.1,0.4353
128,-1,451.4,187.1,46.5,39.4,0.4136
128,-1,13.9,227.1,58.4,117.7,0.1749
128,-1,284.7,94.0,225.8,289.8,0.1734
128,-1,252.7,47.6,259.2,425.6,0.1502
129,-1,3.6,149.9,214.5,251.5,0.6267
129,-1,413.1,159.6,98.9,107.6,0.4202
129,-1,453.5,188.6,48.1,41.4,0.3735
129,-1,298.0,96.4,214.0,281.5,0.1790
129,-1,252.4,42.1,259.5,432.7,0.1261
130,-1,0.0,149.5,219.3,253.6,0.6392
130,-1,409.9,158.8,102.1,109.2,0.4669
130,-1,455.1,188.5,47.7,42.1,0.3371
130,-1,298.8,93.4,213.2,283.2,0.2241
130,-1,252.3,35.8,259.7,439.8,0.1172
130,-1,4.1,177.6,82.5,180.6,0.1064
131,-1,0.0,149.7,220.0,260.3,0.6219
131,-1,409.0,157.4,103.0,111.2,0.5047
131,-1,455.1,187.6,48.8,43.4,0.3156
131,-1,300.3,86.5,211.7,290.6,0.2311
131,-1,251.3,27.9,260.7,447.7,0.1144
132,-1,0.0,150.0,219.7,266.8,0.6167
132,-1,407.1,153.6,104.9,113.6,0.4714
132,-1,455.6,186.4,50.0,40.9,0.3799
132,-1,288.8,71.0,222.7,294.4,0.2080
132,-1,250.5,24.3,261.5,452.1,0.1101
133,-1,0.0,149.1,216.5,265.1,0.6215
133,-1,456.1,184.7,50.9,42.5,0.4443
133,-1,409.2,152.8,102.8,116.0,0.3277
133,-1,288.3,68.0,223.6,299.7,0.2272
133,-1,250.7,23.6,261.3,451.6,0.1141
133,-1,0.5,213.0,44.6,117.4,0.1001
134,-1,0.0,149.2,216.6,269.2,0.6228
134,-1,456.7,182.3,50.5,42.3,0.3710
134,-1,402.7,138.9,109.3,130.3,0.3301
134,-1,288.1,61.9,223.9,306.4,0.2317
134,-1,342.6,83.8,169.4,236.7,0.1218
134,-1,432.9,163.4,78.5,91.2,0.1157
134,-1,250.8,23.1,261.2,451.2,0.1112
135,-1,0.0,148.6,217.3,270.5,0.6073
135,-1,411.8,143.0,100.2,120.3,0.4030
135,-1,458.8,175.8,52.8,53.6,0.3068
135,-1,289.2,59.6,222.8,309.8,0.1960
135,-1,251.2,22.9,260.8,450.1,0.1081
136,-1,0.0,149.2,221.5,266.2,0.5814
136,-1,416.3,140.1,95.7,117.3,0.5249
136,-1,460.2,171.6,51.4,48.7,0.1919
136,-1,289.4,50.1,222.6,319.1,0.1556
137,-1,0.0,126.1,220.2,286.8,0.5339
137,-1,416.5,136.8,95.5,121.3,0.5314
137,-1,462.6,170.5,49.2,49.1,0.1634
137,-1,288.9,39.3,223.1,333.3,0.1518
137,-1,353.4,83.1,158.6,217.1,0.1334
138,-1,417.0,131.2,95.0,126.6,0.4792
138,-1,0.0,115.4,221.2,299.8,0.4771
138,-1,440.9,148.4,70.5,100.8,0.3116
138,-1,338.9,77.1,173.1,256.4,0.1525
138,-1,287.3,29.6,224.7,344.0,0.1414
138,-1,465.2,164.9,46.8,46.6,0.1145
138,-1,366.7,102.8,145.3,168.0,0.1028
139,-1,417.5,125.4,94.5,133.5,0.4661
139,-1,0.0,101.9,223.6,313.8,0.4144
139,-1,442.9,145.7,68.5,101.7,0.3159
139,-1,343.1,79.4,168.9,245.7,0.1911
139,-1,281.5,41.7,230.5,353.7,0.1630
139,-1,368.6,100.8,143.4,170.8,0.1573
139,-1,464.8,158.6,47.2,49.0,0.1073
140,-1,426.2,128.5,85.8,124.6,0.4701
140,-1,0.0,79.2,225.0,338.0,0.3850
140,-1,447.3,145.1,64.0,97.6,0.3592
140,-1,349.6,77.9,162.4,233.7,0.2319
140,-1,282.0,42.4,230.0,351.9,0.1960
140,-1,0.0,2.5,260.4,356.9,0.1628
141,-1,427.5,123.0,84.5,127.7,0.3759
141,-1,0.0,70.3,226.6,348.3,0.3374
141,-1,282.0,40.6,230.0,357.7,0.2182
141,-1,355.1,76.4,156.9,230.8,0.1896
141,-1,452.7,138.7,59.3,102.1,0.1536
142,-1,437.7,130.5,74.0,113.4,0.3374
142,-1,0.0,39.8,230.1,379.2,0.2917
142,-1,282.5,39.6,229.5,359.5,0.2328
142,-1,360.2,75.6,151.8,227.1,0.1542
143,-1,439.7,130.0,72.0,113.9,0.3189
143,-1,0.0,36.0,231.5,386.0,0.2914
143,-1,282.8,37.8,229.2,365.2,0.1971
143,-1,369.2,76.0,142.8,217.4,0.1724
144,-1,443.0,130.7,68.5,113.6,0.3406
144,-1,0.0,41.5,231.3,379.4,0.3284
144,-1,282.4,35.7,229.6,364.8,0.1926
144,-1,370.3,84.7,141.7,183.0,0.1175
145,-1,0.0,23.6,235.8,403.3,0.2413
145,-1,452.4,138.2,59.6,107.4,0.2248
145,-1,283.9,33.2,228.1,363.9,0.2134
145,-1,408.0,103.6,104.0,169.8,0.1544
146,-1,270.9,12.9,239.7,350.7,0.2794
146,-1,0.0,2.1,250.2,357.7,0.2740
146,-1,413.9,103.0,98.1,165.2,0.1453
147,-1,273.6,7.8,235.2,333.1,0.3596
147,-1,8.9,2.0,250.4,354.4,0.2969
148,-1,289.8,12.6,222.0,313.8,0.4523
148,-1,7.5,2.6,262.3,356.9,0.3272
149,-1,304.0,12.9,205.5,302.2,0.5021
149,-1,0.0,3.5,285.0,360.1,0.3179
150,-1,311.9,11.6,197.3,287.7,0.4944
150,-1,0.0,2.3,328.6,365.4,0.1729
150,-1,0.0,139.5,94.4,164.7,0.1022
151,-1,333.6,21.5,178.4,283.8,0.4115
151,-1,0.0,132.9,99.7,149.4,0.1571
151,-1,0.0,1.3,345.5,369.7,0.1272
152,-1,347.3,24.8,164.7,278.8,0.2833
152,-1,0.0,134.5,117.5,150.2,0.2284
152,-1,0.0,0.9,351.3,369.7,0.1007
153,-1,1.5,150.8,108.8,127.8,0.2512
153,-1,0.1,136.9,147.4,169.8,0.1074
154,-1,16.5,152.2,62.3,97.0,0.3343
154,-1,12.7,147.1,115.7,127.2,0.2028
155,-1,26.4,150.7,79.7,108.3,0.2931
155,-1,25.4,145.7,116.2,128.1,0.1571
156,-1,42.5,150.0,66.5,93.0,0.2779
156,-1,41.5,145.2,97.4,121.2,0.1699
157,-1,54.0,147.8,67.5,91.7,0.3843
157,-1,51.5,141.3,106.6,124.7,0.1212
158,-1,64.4,142.7,69.1,94.9,0.3371
159,-1,78.1,146.5,68.6,93.7,0.3211
160,-1,90.0,145.1,69.2,94.7,0.3229
161,-1,102.5,143.4,69.4,96.1,0.3383
162,-1,111.6,142.7,68.6,96.8,0.3370
163,-1,115.6,145.2,69.7,96.0,0.3485
164,-1,117.4,145.3,71.4,98.6,0.3161
165,-1,117.4,146.7,77.3,103.3,0.3192
166,-1,116.9,147.8,74.7,102.4,0.3241
167,-1,113.6,151.3,73.4,100.7,0.3190
168,-1,112.4,156.2,68.8,97.1,0.2972
169,-1,104.5,157.4,77.0,106.6,0.3279
170,-1,99.2,160.7,76.6,105.0,0.3010
171,-1,93.9,163.0,74.0,104.3,0.2576
172,-1,88.9,170.7,71.4,100.9,0.3521
173,-1,80.0,171.3,79.6,107.8,0.2427
173,-1,49.7,145.2,179.3,183.3,0.1075
174,-1,75.5,174.2,76.6,107.9,0.2767
175,-1,71.2,176.0,78.3,110.0,0.3167
176,-1,64.6,182.3,83.1,110.2,0.2179
176,-1,39.3,155.0,189.7,193.0,0.1004
177,-1,56.7,178.0,94.2,126.7,0.2283
178,-1,56.1,183.6,89.8,122.1,0.1923
178,-1,27.3,160.7,188.5,196.1,0.1114
179,-1,51.4,185.2,98.6,132.6,0.1819
179,-1,0.0,104.3,339.6,407.7,0.1042
180,-1,41.6,180.8,118.1,146.4,0.1236
180,-1,0.0,110.0,339.2,402.0,0.1185
180,-1,51.3,198.6,84.1,111.6,0.1115
181,-1,50.0,219.0,52.5,74.0,0.1415
181,-1,51.4,204.6,84.7,112.0,0.1291
181,-1,38.0,179.4,137.2,156.3,0.1076
181,-1,23.2,175.9,202.3,207.1,0.1018
182,-1,52.4,209.6,82.6,104.8,0.1349
183,-1,55.0,219.1,56.1,83.8,0.1363
183,-1,57.4,212.6,76.8,101.4,0.1362
184,-1,59.7,226.2,53.4,77.4,0.3133
185,-1,60.2,224.3,60.6,82.3,0.2401
186,-1,63.7,225.5,61.6,88.1,0.2830
187,-1,70.1,225.6,63.6,89.8,0.2417
188,-1,75.5,226.5,63.0,88.8,0.3423
188,-1,71.6,217.5,91.9,111.2,0.1026
189,-1,78.3,221.1,78.9,98.1,0.2662
190,-1,83.4,222.0,70.6,91.2,0.3229
191,-1,87.9,220.1,79.2,96.8,0.4165
192,-1,95.2,219.4,76.4,97.1,0.3942
193,-1,99.1,218.1,77.6,95.9,0.5066
194,-1,106.0,217.0,78.0,97.7,0.5817
195,-1,110.7,214.1,78.8,94.8,0.5649
196,-1,115.8,210.3,79.4,95.7,0.6253
197,-1,121.0,206.0,79.2,97.7,0.6213
198,-1,125.2,202.8,80.5,97.6,0.6520
198,-1,93.1,147.4,246.7,295.1,0.1119
199,-1,128.2,197.8,81.8,98.5,0.7025
199,-1,92.6,136.7,256.8,309.9,0.1745
200,-1,130.3,191.5,84.1,102.5,0.6576
200,-1,93.3,132.2,263.7,321.7,0.2146
201,-1,132.6,188.5,86.3,101.2,0.6912
201,-1,93.0,125.7,276.0,333.5,0.2189
202,-1,136.0,184.0,84.9,102.8,0.7340
202,-1,92.0,117.9,292.4,346.6,0.2235
203,-1,136.7,178.1,87.1,106.7,0.7388
203,-1,91.5,109.3,309.0,358.2,0.1858
204,-1,138.0,176.3,89.8,105.8,0.7518
204,-1,91.9,110.6,323.8,361.7,0.1758
205,-1,137.5,171.8,92.2,108.8,0.7293
205,-1,90.7,99.2,332.2,392.4,0.1371
206,-1,135.9,164.1,96.1,114.9,0.7134
206,-1,89.2,93.1,339.3,408.7,0.1431
207,-1,135.8,163.7,96.4,115.7,0.6750
207,-1,88.3,70.1,342.8,430.5,0.1316
208,-1,132.9,160.0,103.9,120.7,0.6887
208,-1,86.8,63.5,344.2,412.7,0.1401
209,-1,131.4,158.7,106.1,122.5,0.7208
209,-1,87.3,60.3,339.7,371.4,0.1366
210,-1,129.4,159.5,109.4,123.0,0.7125
210,-1,87.5,58.4,338.3,373.3,0.1799
211,-1,126.3,157.6,112.6,126.6,0.7353
211,-1,88.4,59.1,339.3,399.4,0.1942
211,-1,83.6,94.0,256.9,326.0,0.1361
212,-1,123.2,156.3,116.1,130.4,0.7441
212,-1,88.6,62.0,339.2,415.0,0.2116
212,-1,83.3,105.5,242.1,315.1,0.1582
213,-1,119.5,154.0,117.8,132.9,0.7315
213,-1,87.2,64.8,340.5,410.0,0.2389
213,-1,81.7,111.2,234.9,314.2,0.1056
214,-1,117.1,154.7,120.0,135.9,0.6986
214,-1,84.8,58.8,344.4,431.7,0.2276
215,-1,109.1,153.2,125.6,139.2,0.7030
215,-1,81.6,83.9,360.2,428.1,0.2288
216,-1,106.8,153.3,127.6,140.9,0.6813
216,-1,66.9,70.2,343.8,414.8,0.2034
217,-1,101.7,152.8,132.4,144.9,0.6506
217,-1,67.0,72.9,340.0,409.3,0.2524
218,-1,93.6,156.2,140.9,148.4,0.6575
218,-1,58.8,95.1,357.9,416.9,0.2425
219,-1,94.3,156.1,141.3,151.7,0.6784
219,-1,56.8,92.0,358.9,420.0,0.2054
220,-1,89.0,155.4,145.6,154.1,0.6453
220,-1,52.9,86.2,365.3,425.8,0.1815
221,-1,84.2,147.2,150.4,161.8,0.6059
221,-1,47.2,81.1,371.8,430.9,0.1630
222,-1,80.5,147.6,154.2,164.6,0.6194
223,-1,78.3,148.2,156.7,166.9,0.5475
224,-1,62.0,146.6,169.0,177.9,0.5254
224,-1,36.3,127.0,207.4,251.4,0.1098
225,-1,60.3,145.2,171.8,192.4,0.5307
226,-1,58.1,144.6,175.6,196.9,0.5508
226,-1,31.5,102.8,358.2,396.6,0.1051
227,-1,55.4,144.3,181.1,198.4,0.5709
227,-1,14.8,102.0,348.7,383.1,0.1167
228,-1,53.0,139.1,187.2,206.1,0.5609
228,-1,28.2,91.6,364.1,420.4,0.1048
229,-1,51.3,128.5,195.7,232.6,0.5747
229,-1,26.9,82.7,366.9,429.3,0.1075
230,-1,50.3,125.2,200.7,235.8,0.6000
231,-1,48.7,121.8,206.6,238.4,0.6105
232,-1,47.1,115.8,214.2,246.1,0.6374
233,-1,46.4,110.3,220.7,247.7,0.6478
234,-1,46.7,98.3,228.2,252.1,0.6552
235,-1,47.5,90.5,234.7,258.9,0.6542
236,-1,47.6,89.6,242.7,254.3,0.6302
236,-1,71.5,112.6,84.6,110.6,0.1350
237,-1,62.7,89.9,235.9,240.0,0.5801
237,-1,72.2,104.6,89.3,111.1,0.1612
238,-1,62.6,82.6,245.5,246.8,0.6049
238,-1,74.6,95.5,92.4,119.1,0.3657
238,-1,77.0,102.6,66.2,98.6,0.1210
239,-1,62.6,72.1,260.6,258.9,0.6208
239,-1,75.4,92.8,95.3,122.2,0.4512
240,-1,63.2,68.6,277.1,272.0,0.5387
240,-1,80.4,90.2,95.0,125.3,0.3538
240,-1,84.1,96.2,65.7,104.6,0.1465
241,-1,63.6,68.6,291.8,271.8,0.4415
241,-1,85.1,89.3,93.4,124.4,0.3543
241,-1,84.7,95.5,68.9,100.1,0.2040
242,-1,84.2,83.0,102.2,136.6,0.3242
242,-1,63.6,66.0,315.1,275.9,0.2902
242,-1,87.8,93.1,71.2,103.2,0.2734
243,-1,90.4,89.1,88.6,123.6,0.3100
243,-1,59.8,61.7,316.5,279.2,0.1830
244,-1,87.4,80.6,101.3,135.9,0.3393
244,-1,94.6,94.2,68.7,108.6,0.3147
244,-1,75.6,53.4,311.9,297.7,0.1479
245,-1,95.7,89.9,71.3,112.3,0.3041
245,-1,61.3,48.6,341.5,315.4,0.1191
245,-1,88.2,75.5,102.1,149.5,0.1064
246,-1,95.6,90.3,72.4,117.8,0.2722
246,-1,89.2,75.7,100.5,157.0,0.1257
247,-1,93.2,80.6,92.2,134.9,0.3151
247,-1,98.5,89.0,64.4,110.9,0.2490
248,-1,94.4,76.3,93.9,138.1,0.3310
248,-1,101.3,82.9,60.8,92.3,0.2929
249,-1,102.2,81.7,62.6,83.2,0.3591
249,-1,96.0,75.3,92.8,138.9,0.2724
250,-1,104.3,84.9,63.0,75.5,0.3668
250,-1,97.5,77.7,92.0,138.8,0.2926
251,-1,103.8,86.7,64.3,74.9,0.4095
251,-1,96.9,78.5,93.7,136.7,0.3641
252,-1,103.7,85.2,69.4,78.4,0.3971
252,-1,94.4,78.3,102.6,138.3,0.3370
253,-1,108.4,91.8,63.0,73.1,0.3862
253,-1,97.4,81.4,95.0,144.7,0.3527
254,-1,109.9,92.2,62.8,73.8,0.3737
254,-1,92.9,69.1,107.1,162.3,0.2669
255,-1,109.8,91.7,65.2,74.3,0.3003
255,-1,93.0,75.4,106.2,161.4,0.2549
256,-1,85.8,65.0,119.8,170.2,0.3065
256,-1,235.4,3.5,260.7,198.7,0.1540
256,-1,103.5,91.1,75.3,105.1,0.1207
257,-1,86.0,65.6,122.0,179.6,0.3367
257,-1,239.4,4.3,257.1,190.9,0.1778
257,-1,103.9,91.0,78.0,106.4,0.1216
257,-1,402.0,320.0,51.9,74.7,0.1135
258,-1,85.3,68.5,120.1,181.7,0.3713
258,-1,409.7,307.7,57.5,104.3,0.3309
258,-1,427.2,321.5,38.0,60.0,0.1988
258,-1,96.9,92.4,85.1,111.4,0.1940
258,-1,242.3,5.0,254.2,184.1,0.1889
258,-1,386.6,285.5,86.1,136.7,0.1541
259,-1,426.5,323.1,52.9,78.1,0.4025
259,-1,78.3,68.1,128.4,183.4,0.3280
259,-1,90.2,88.5,93.7,119.5,0.2596
259,-1,414.4,309.4,66.4,105.4,0.1675
259,-1,450.1,326.6,24.5,16.4,0.1550
259,-1,222.2,4.9,276.3,184.8,0.1044
260,-1,73.2,66.6,132.3,182.4,0.3073
260,-1,433.6,327.9,53.1,69.2,0.2802
260,-1,455.7,332.8,25.3,15.5,0.2797
260,-1,85.7,87.2,98.2,118.1,0.2667
260,-1,419.4,317.2,67.9,97.9,0.1081
261,-1,460.2,338.1,28.2,15.4,0.3120
261,-1,81.1,85.8,102.5,117.7,0.2839
261,-1,70.3,65.0,134.7,182.3,0.2828
262,-1,462.4,341.1,31.7,16.4,0.6174
262,-1,73.3,81.4,104.3,120.8,0.3691
262,-1,59.9,62.8,144.1,186.1,0.2859
263,-1,62.9,78.0,110.4,127.4,0.4400
263,-1,464.8,345.0,30.3,16.4,0.3187
263,-1,43.1,64.6,159.1,196.2,0.2330
264,-1,54.6,75.2,119.1,136.0,0.3642
264,-1,30.1,60.4,166.5,199.9,0.2318
264,-1,467.0,347.2,27.2,15.8,0.2128
264,-1,440.0,340.6,58.3,68.8,0.1131
265,-1,44.7,67.1,124.8,140.4,0.4165
265,-1,18.0,61.6,169.3,202.9,0.3223
266,-1,9.5,51.1,179.0,224.4,0.3214
266,-1,32.2,64.3,131.6,134.0,0.2820
266,-1,440.7,350.7,54.4,64.4,0.1048
267,-1,25.5,57.9,130.4,129.0,0.3129
267,-1,2.9,30.7,183.8,243.1,0.2719
267,-1,461.3,356.4,29.2,16.2,0.1775
268,-1,457.1,354.3,33.1,14.9,0.4211
268,-1,23.5,59.9,126.1,114.6,0.3101
268,-1,0.0,21.8,185.0,250.0,0.1748
269,-1,1.1,40.7,139.9,145.1,0.1927
269,-1,0.0,13.8,174.0,264.3,0.1548
269,-1,447.4,345.6,44.8,17.0,0.1100
269,-1,22.9,62.1,108.9,107.0,0.1040
270,-1,422.5,335.2,77.6,77.4,0.4122
270,-1,0.0,22.5,158.9,217.3,0.1785
271,-1,409.2,325.6,90.4,88.4,0.4467
271,-1,0.0,12.0,157.7,233.1,0.1796
272,-1,391.7,318.5,116.2,111.4,0.3367
272,-1,0.0,0.0,200.6,265.0,0.2724
273,-1,427.2,347.1,62.2,65.0,0.4218
273,-1,0.0,0.0,190.7,235.0,0.3935
273,-1,379.6,309.9,125.1,128.1,0.3433
274,-1,444.4,337.3,39.0,35.2,0.2264
274,-1,414.0,336.7,71.7,66.4,0.2224
274,-1,370.9,296.5,141.1,142.8,0.1984
275,-1,351.5,275.4,154.1,141.2,0.3351
275,-1,426.6,325.7,40.7,33.9,0.2848
275,-1,397.9,311.8,94.1,85.7,0.1149
275,-1,402.0,324.5,71.9,65.0,0.1129
276,-1,335.5,265.9,164.2,162.2,0.4074
276,-1,384.6,300.4,93.9,85.3,0.1682
276,-1,413.5,313.5,38.8,33.7,0.1318
277,-1,323.7,253.8,167.9,168.7,0.2116
277,-1,370.4,288.0,97.0,87.1,0.1324
278,-1,358.4,274.3,97.5,86.7,0.2174
278,-1,306.6,242.4,178.7,178.7,0.1993
278,-1,387.6,288.0,36.7,33.6,0.1481
278,-1,330.1,256.6,142.1,114.4,0.1123
279,-1,346.9,262.4,95.6,86.4,0.2820
279,-1,319.1,244.5,140.2,114.4,0.1872
279,-1,375.3,275.3,37.0,33.5,0.1354
280,-1,335.7,255.9,94.4,82.1,0.2449
280,-1,307.6,233.3,137.5,115.5,0.1786
280,-1,362.5,263.3,38.0,33.4,0.1665
281,-1,325.1,243.7,94.2,82.9,0.2593
281,-1,351.0,251.1,37.6,33.3,0.2295
281,-1,296.7,221.5,138.4,117.3,0.1498
282,-1,342.6,239.1,35.6,32.8,0.2316
282,-1,315.2,234.7,92.4,80.9,0.1740
283,-1,331.2,226.8,38.0,33.4,0.2250
283,-1,278.3,196.6,132.2,113.0,0.1980
283,-1,303.5,215.7,95.8,88.3,0.1709
284,-1,268.2,181.4,136.8,119.2,0.3435
284,-1,322.0,214.1,39.5,33.1,0.2094
284,-1,296.0,205.7,96.1,86.1,0.1245
285,-1,287.8,193.9,96.6,88.7,0.3356
285,-1,260.3,170.3,133.8,118.2,0.2350
285,-1,317.2,203.9,36.6,34.5,0.1625
286,-1,253.8,159.2,139.9,125.5,0.2700
286,-1,310.9,195.9,39.2,35.1,0.2521
286,-1,281.2,184.9,99.7,89.5,0.1442
287,-1,248.2,148.8,139.6,133.5,0.2504
287,-1,304.8,187.9,39.9,36.2,0.2268
287,-1,275.6,172.2,100.1,96.4,0.2059
288,-1,299.1,181.3,39.9,35.4,0.3146
288,-1,272.3,175.4,100.0,86.1,0.1357
289,-1,295.8,176.0,42.1,36.1,0.3027
289,-1,237.9,131.4,147.4,142.9,0.1801
289,-1,267.1,166.1,101.2,91.4,0.1685
290,-1,293.4,171.3,39.0,35.9,0.2474
290,-1,263.5,165.1,103.2,88.2,0.1424
290,-1,221.5,121.6,159.7,152.0,0.1169
291,-1,287.3,166.9,44.4,37.8,0.3207
291,-1,227.0,116.5,148.8,150.5,0.2635
291,-1,259.3,159.9,104.3,89.7,0.1072
292,-1,285.2,164.1,40.4,38.3,0.2580
292,-1,255.3,157.5,105.0,91.1,0.1290
292,-1,212.4,108.3,165.6,164.2,0.1140
293,-1,281.5,163.4,43.3,37.0,0.3283
293,-1,249.9,155.2,109.6,93.4,0.1197
293,-1,208.7,104.7,168.4,164.5,0.1113
294,-1,277.8,162.7,43.7,37.8,0.3104
294,-1,201.9,103.1,173.4,163.2,0.1008
295,-1,274.8,162.6,43.6,38.2,0.3199
295,-1,198.2,103.0,168.4,162.4,0.1460
296,-1,271.1,163.7,42.7,38.2,0.3253
296,-1,194.9,101.5,168.2,163.1,0.1576
297,-1,267.0,164.9,44.9,40.7,0.3445
297,-1,221.1,102.2,44.0,24.5,0.2381
297,-1,186.3,99.8,177.6,158.2,0.1512
297,-1,233.9,153.7,117.7,100.4,0.1427
298,-1,216.1,101.1,42.9,25.2,0.7254
298,-1,266.1,169.0,40.9,38.3,0.4288
298,-1,185.2,98.1,175.6,162.8,0.1481
299,-1,207.8,100.9,47.4,29.9,0.7412
299,-1,260.8,171.6,45.8,40.6,0.2955
299,-1,184.6,95.1,174.4,174.9,0.1696
300,-1,203.2,101.5,46.2,31.8,0.6918
300,-1,258.1,175.4,44.2,42.0,0.4333
300,-1,222.2,165.3,122.4,99.7,0.1183
301,-1,199.7,102.6,45.8,32.9,0.6653
301,-1,255.0,181.1,45.9,41.1,0.4097
301,-1,217.8,152.7,133.2,119.6,0.1189
302,-1,199.3,104.3,47.2,34.4,0.6771
302,-1,255.6,188.1,44.8,39.7,0.4414
302,-1,217.3,172.1,129.2,105.9,0.1072
303,-1,194.8,105.4,50.3,37.0,0.6751
303,-1,253.8,193.0,42.9,39.9,0.4286
304,-1,192.1,105.9,49.7,39.1,0.6330
304,-1,252.5,198.2,42.6,41.3,0.3973
305,-1,188.6,107.3,51.0,41.8,0.6455
305,-1,248.7,203.4,45.4,42.2,0.3779
306,-1,186.0,109.4,53.8,44.5,0.7198
306,-1,247.6,209.7,47.4,42.7,0.3981
307,-1,181.6,111.2,53.8,45.8,0.7269
307,-1,247.0,216.6,44.1,41.9,0.5108
308,-1,178.3,113.6,54.5,48.8,0.7701
308,-1,244.9,222.7,43.9,42.7,0.3997
309,-1,173.9,115.5,55.3,50.7,0.8425
309,-1,242.6,228.5,45.4,43.8,0.4591
310,-1,169.4,117.0,59.5,53.0,0.7751
310,-1,239.1,233.4,49.0,45.2,0.4542
311,-1,166.0,119.2,61.7,55.5,0.7319
311,-1,239.1,239.0,48.4,45.7,0.5427
312,-1,161.1,119.5,67.1,56.9,0.7420
312,-1,238.3,244.1,48.9,46.4,0.4969
313,-1,156.2,118.0,70.3,62.0,0.6816
313,-1,239.5,248.3,47.2,46.5,0.4907
314,-1,151.8,118.5,71.1,62.9,0.6411
314,-1,238.2,252.2,47.6,46.6,0.5871
315,-1,237.4,255.9,47.6,47.2,0.5609
315,-1,149.5,117.4,70.3,62.5,0.5432
316,-1,235.8,258.1,50.6,49.0,0.5867
316,-1,147.0,113.9,71.7,66.9,0.5727
317,-1,142.5,107.4,77.2,72.9,0.8286
317,-1,234.0,259.6,52.5,50.5,0.5830
318,-1,137.9,104.2,79.8,77.0,0.8606
318,-1,234.8,262.7,52.5,50.1,0.5804
319,-1,130.6,100.1,87.9,80.9,0.7841
319,-1,235.1,264.0,52.3,51.2,0.6503
319,-1,297.5,401.5,35.9,20.0,0.4662
320,-1,124.8,93.3,93.5,84.4,0.8040
320,-1,299.8,406.1,40.1,27.2,0.6899
320,-1,233.1,263.8,54.6,52.9,0.6437
321,-1,118.3,86.3,98.4,85.7,0.7845
321,-1,300.5,412.0,40.8,29.5,0.7220
321,-1,232.3,264.4,56.0,53.7,0.6401
322,-1,109.3,78.2,108.3,92.3,0.8060
322,-1,300.9,415.6,42.3,35.5,0.7019
322,-1,232.5,264.2,57.6,54.8,0.6510
323,-1,103.1,70.6,114.0,96.8,0.8049
323,-1,305.6,419.3,42.9,35.3,0.6893
323,-1,232.9,262.7,60.4,57.0,0.6048
324,-1,97.4,67.5,120.9,100.0,0.8204
324,-1,308.9,426.5,45.7,38.1,0.6796
324,-1,232.7,265.5,63.2,59.0,0.5600
325,-1,95.2,67.6,126.1,103.2,0.8408
325,-1,316.6,438.9,47.3,41.4,0.7041
325,-1,241.4,270.6,59.7,59.9,0.5898
325,-1,80.1,41.8,165.1,137.6,0.1324
326,-1,96.1,70.7,129.1,103.6,0.8407
326,-1,245.7,279.5,64.4,63.5,0.5917
326,-1,324.1,456.4,49.5,39.7,0.5873
326,-1,80.2,40.0,167.4,142.9,0.1128
327,-1,95.1,73.7,135.1,109.5,0.8112
327,-1,251.6,289.8,67.2,66.2,0.5491
327,-1,325.8,474.9,53.4,22.7,0.4482
328,-1,96.6,77.7,140.0,113.9,0.8386
328,-1,258.9,301.6,70.0,68.9,0.5746
329,-1,100.5,84.3,139.9,113.5,0.8539
329,-1,269.8,315.0,68.4,70.6,0.4547
330,-1,102.1,87.7,150.0,117.4,0.8522
330,-1,279.2,328.1,74.3,75.4,0.2858
330,-1,282.4,333.1,47.2,59.3,0.1187
331,-1,106.5,91.8,153.5,119.7,0.8491
331,-1,291.7,346.9,73.9,78.1,0.1999
331,-1,296.4,349.0,44.0,37.7,0.1015
332,-1,106.9,99.1,163.9,120.0,0.7976
332,-1,303.7,364.6,76.0,80.3,0.2278
332,-1,308.1,365.3,45.9,43.2,0.1011
333,-1,106.7,101.2,170.7,122.6,0.6572
333,-1,316.2,380.9,80.6,83.8,0.6310
333,-1,320.5,382.1,47.3,43.9,0.1418
334,-1,101.0,97.8,186.5,135.3,0.5752
334,-1,327.3,399.3,82.8,83.1,0.4082
334,-1,329.6,400.2,51.4,43.3,0.3210
335,-1,97.9,94.5,193.1,131.9,0.6030
335,-1,339.6,415.6,55.0,48.0,0.3739
336,-1,348.7,433.0,58.2,50.6,0.5160
336,-1,94.9,84.8,197.2,144.6,0.5121
337,-1,87.5,75.7,206.0,131.7,0.5485
337,-1,362.7,451.4,52.3,33.9,0.4923
337,-1,134.9,264.9,377.1,247.1,0.1149
338,-1,57.6,67.5,254.2,125.8,0.4504
338,-1,90.4,99.2,202.3,92.4,0.1452
338,-1,183.0,251.8,329.0,260.2,0.1060
339,-1,65.2,49.2,268.7,126.9,0.1722
339,-1,78.2,101.8,232.2,73.2,0.1511
339,-1,376.2,246.0,135.8,188.6,0.1143
340,-1,107.0,93.7,255.7,127.2,0.3883
340,-1,52.6,9.6,308.5,209.6,0.1373
341,-1,103.5,107.4,279.5,155.0,0.2704
342,-1,114.6,156.8,245.5,139.2,0.1906
344,-1,88.8,156.9,340.8,234.1,0.1250
344,-1,352.1,249.6,55.9,112.4,0.1221
345,-1,83.7,154.5,345.3,255.0,0.3308
345,-1,80.7,156.3,182.0,238.2,0.1715
345,-1,100.7,203.9,119.3,186.0,0.1327
346,-1,60.8,140.9,371.9,275.2,0.2678
346,-1,71.5,152.4,201.9,253.4,0.1994
346,-1,120.3,94.6,381.2,366.0,0.1865
347,-1,40.6,110.9,400.0,314.3,0.1673
347,-1,103.5,0.0,408.5,456.2,0.1577
347,-1,190.4,113.3,289.9,371.3,0.1400
348,-1,106.6,0.0,405.4,452.1,0.1220
348,-1,224.6,169.8,268.8,282.7,0.1210
348,-1,57.4,266.7,91.7,214.8,0.1174
349,-1,212.3,166.3,289.0,308.2,0.2022
349,-1,50.6,402.5,398.3,109.5,0.1379
350,-1,159.8,116.0,345.4,371.7,0.1458
350,-1,156.5,3.1,354.7,398.2,0.1047
351,-1,152.4,3.2,359.4,402.7,0.1028
353,-1,149.4,4.0,362.4,402.4,0.1174
354,-1,169.4,139.5,334.6,336.3,0.1932
354,-1,154.2,3.0,356.5,398.7,0.1153
355,-1,193.6,177.6,299.8,269.1,0.1871
356,-1,109.5,0.0,402.5,425.2,0.1340
356,-1,187.1,161.3,291.2,285.1,0.1064
356,-1,56.6,253.7,92.9,208.3,0.1063
357,-1,29.9,79.0,413.8,315.0,0.1646
357,-1,110.8,2.9,401.2,426.9,0.1253
357,-1,49.5,111.3,270.4,297.6,0.1060
357,-1,199.9,133.7,261.6,312.2,0.1002
358,-1,50.5,117.2,385.8,265.1,0.2135
358,-1,60.1,127.3,187.3,258.5,0.1471
358,-1,96.0,65.5,416.0,358.7,0.1214
359,-1,72.7,120.7,315.6,232.7,0.2452
359,-1,104.2,118.8,356.8,293.9,0.1328
359,-1,94.9,185.4,102.6,171.8,0.1322
362,-1,108.4,134.5,237.3,133.7,0.2843
363,-1,109.5,117.5,246.2,125.9,0.4611
364,-1,106.6,95.9,260.3,124.4,0.3384
365,-1,33.0,5.1,297.1,153.8,0.2862
365,-1,79.9,78.8,222.0,79.5,0.1705
365,-1,214.5,243.0,296.4,245.0,0.1067
366,-1,368.8,433.2,56.3,46.7,0.4004
366,-1,50.2,10.9,260.3,146.0,0.3496
366,-1,185.6,222.7,324.3,286.7,0.1166
367,-1,51.2,3.6,240.0,148.2,0.5409
367,-1,348.8,399.5,54.3,47.2,0.4827
367,-1,92.5,35.1,184.0,118.1,0.2673
368,-1,62.2,1.9,221.1,148.1,0.6155
368,-1,328.8,363.2,93.2,96.9,0.5700
368,-1,333.2,368.7,55.8,45.7,0.1843
368,-1,77.9,36.5,168.8,113.0,0.1469
369,-1,316.0,341.6,85.6,87.1,0.5821
369,-1,51.4,2.3,233.4,147.4,0.5606
369,-1,320.9,343.9,51.7,42.4,0.2187
370,-1,306.6,321.6,78.6,82.2,0.5681
370,-1,51.6,3.0,226.2,152.0,0.4971
370,-1,18.5,2.0,265.9,226.6,0.1568
370,-1,309.7,323.4,49.2,41.2,0.1408
371,-1,50.3,2.6,224.4,153.2,0.5470
371,-1,299.1,303.3,73.8,79.9,0.3428
371,-1,18.9,1.3,270.0,244.0,0.1804
371,-1,300.6,305.6,49.2,46.4,0.1272
371,-1,108.1,5.1,150.1,136.5,0.1200
372,-1,56.3,3.9,210.7,155.7,0.4827
372,-1,291.0,289.1,72.4,74.5,0.2526
372,-1,17.7,2.4,269.5,234.9,0.2302
373,-1,70.8,3.8,187.7,135.7,0.5638
373,-1,281.7,274.8,77.1,73.9,0.3610
373,-1,285.0,277.7,48.3,55.7,0.1233
373,-1,12.1,1.1,286.5,291.4,0.1225
373,-1,28.1,1.8,260.5,175.4,0.1063
374,-1,79.9,7.2,170.2,121.7,0.6331
374,-1,276.3,265.5,69.9,69.4,0.3275
375,-1,84.0,8.8,162.1,119.3,0.7179
375,-1,350.3,453.9,53.9,33.7,0.5196
375,-1,272.1,250.9,70.8,73.3,0.4556
375,-1,274.6,255.6,49.3,62.7,0.1174
376,-1,94.7,9.1,149.1,118.6,0.7594
376,-1,268.9,246.9,68.3,66.2,0.5608
376,-1,348.1,437.7,53.7,44.6,0.5505
377,-1,103.9,10.7,139.0,116.3,0.7773
377,-1,345.1,423.4,51.0,45.7,0.7053
377,-1,264.3,240.2,69.5,66.2,0.5869
378,-1,106.7,10.9,135.7,112.5,0.8078
378,-1,341.1,407.0,50.2,44.0,0.6852
378,-1,264.6,231.7,65.7,65.0,0.5587
378,-1,81.0,2.9,189.0,135.8,0.1618
379,-1,109.9,12.3,133.0,109.2,0.8063
379,-1,336.4,396.7,46.8,39.7,0.6761
379,-1,263.2,227.9,63.8,61.9,0.6440
379,-1,85.5,3.7,184.4,132.1,0.1787
380,-1,119.4,13.7,127.4,106.7,0.8477
380,-1,331.7,387.6,43.7,37.0,0.7107
380,-1,259.9,224.4,63.2,59.2,0.6275
380,-1,94.1,4.8,175.4,129.3,0.2082
381,-1,128.6,15.9,118.8,103.4,0.8473
381,-1,327.3,378.8,43.2,34.3,0.6826
381,-1,261.0,219.7,58.0,58.6,0.5743
382,-1,134.7,20.4,112.0,98.6,0.8098
382,-1,324.6,369.2,43.6,36.7,0.6632
382,-1,260.3,216.5,58.5,56.7,0.6147
382,-1,118.5,5.0,154.4,126.0,0.2919
383,-1,142.3,25.1,106.5,93.4,0.8145
383,-1,322.8,362.9,39.3,31.5,0.7300
383,-1,258.8,214.9,59.1,53.7,0.6171
383,-1,124.6,5.6,150.9,126.8,0.2223
384,-1,149.0,27.4,101.9,90.9,0.7878
384,-1,319.6,355.5,40.5,28.2,0.7107
384,-1,261.1,213.3,53.9,52.2,0.6632
384,-1,125.9,5.5,152.9,129.9,0.1190
385,-1,156.9,31.3,94.1,87.1,0.7668
385,-1,319.3,350.8,36.0,20.7,0.6311
385,-1,259.7,210.6,54.9,51.7,0.5715
386,-1,165.1,38.0,85.4,81.1,0.8302
386,-1,257.8,209.1,54.9,51.4,0.5735
386,-1,312.4,347.2,36.5,15.0,0.2165
387,-1,169.8,41.7,82.9,77.7,0.7810
387,-1,259.5,207.1,51.9,51.1,0.5828
388,-1,173.5,47.9,76.9,74.3,0.7506
388,-1,259.3,206.3,50.5,49.5,0.5899
389,-1,175.0,54.7,74.0,69.0,0.6873
389,-1,257.8,205.3,49.4,48.2,0.6012
390,-1,175.6,59.6,77.9,63.0,0.6764
390,-1,259.0,203.7,49.1,47.8,0.5524
391,-1,181.3,63.0,73.0,62.8,0.6668
391,-1,259.1,201.9,49.0,47.7,0.4888
392,-1,184.0,65.8,69.4,60.6,0.7128
392,-1,258.8,200.8,48.2,47.1,0.5293
393,-1,187.4,71.9,68.2,57.4,0.7186
393,-1,258.3,201.0,47.7,45.7,0.5184
394,-1,190.9,75.3,63.4,55.4,0.7576
394,-1,257.5,200.4,48.0,45.6,0.4977
395,-1,192.5,80.2,60.0,51.9,0.7405
395,-1,257.0,199.9,48.7,45.5,0.4736
396,-1,196.6,84.9,56.8,49.7,0.7618
396,-1,256.8,200.1,48.8,44.6,0.3973
397,-1,199.5,90.5,54.4,46.1,0.7836
397,-1,257.0,200.1,48.9,44.4,0.3868
398,-1,200.5,96.1,53.8,44.4,0.7244
398,-1,257.2,200.6,48.3,44.2,0.4412
399,-1,202.9,103.0,53.1,39.9,0.6662
399,-1,258.2,201.0,46.2,44.3,0.5148
400,-1,203.8,109.8,51.0,38.7,0.7115
400,-1,259.5,204.6,42.9,41.0,0.4822
401,-1,206.4,116.6,50.0,35.1,0.6999
401,-1,260.1,206.9,42.1,39.7,0.4431
402,-1,207.2,123.3,46.7,33.0,0.7260
402,-1,257.2,207.6,45.1,41.2,0.4353
403,-1,209.2,129.8,45.2,30.2,0.6957
403,-1,257.6,209.3,45.2,41.3,0.3707
404,-1,208.3,135.2,46.6,30.0,0.7252
404,-1,257.8,211.6,42.8,39.6,0.3285
405,-1,208.8,141.9,48.1,26.9,0.7444
405,-1,256.0,213.9,44.8,38.4,0.3875
405,-1,220.1,201.5,121.3,101.4,0.1524
406,-1,211.8,149.4,43.0,20.1,0.7099
406,-1,255.0,214.7,45.4,41.2,0.3950
406,-1,220.3,202.6,119.0,101.9,0.1977
406,-1,182.4,150.5,172.5,161.5,0.1283
407,-1,213.6,154.9,40.0,19.6,0.6502
407,-1,254.3,217.2,44.6,39.7,0.3660
407,-1,220.3,204.6,116.8,101.3,0.1426
407,-1,182.5,153.2,170.9,160.4,0.1176
408,-1,254.2,219.5,42.9,38.2,0.3640
408,-1,180.8,154.8,169.6,177.8,0.1848
408,-1,221.1,211.0,113.8,95.7,0.1206
409,-1,255.0,221.2,39.7,37.1,0.3570
409,-1,180.0,157.7,169.7,178.7,0.1664
409,-1,221.6,214.9,111.2,92.1,0.1330
410,-1,252.8,222.4,42.6,36.7,0.3343
410,-1,180.8,168.2,167.8,153.9,0.1608
411,-1,252.7,222.8,41.2,37.7,0.2648
411,-1,180.5,171.3,166.6,154.0,0.1621
411,-1,220.8,209.1,108.1,99.3,0.1350
412,-1,251.5,224.6,42.1,36.4,0.3117
412,-1,180.6,172.0,164.9,159.3,0.1451
412,-1,220.3,200.7,106.3,107.7,0.1104
413,-1,250.7,225.5,42.4,36.1,0.3437
413,-1,195.9,178.1,138.5,141.5,0.1372
414,-1,194.0,180.4,139.0,141.9,0.3666
414,-1,250.1,226.6,41.5,36.4,0.3101
415,-1,194.1,183.3,136.9,140.7,0.3463
415,-1,249.7,228.0,39.7,35.4,0.3316
416,-1,249.5,229.2,39.1,34.9,0.2946
416,-1,194.1,187.9,135.0,137.5,0.2547
416,-1,219.6,217.1,100.4,92.9,0.1028
417,-1,248.2,230.6,40.3,35.1,0.3217
417,-1,192.3,193.2,142.3,130.7,0.3207
417,-1,219.8,221.1,99.0,89.2,0.1641
417,-1,233.6,230.6,58.3,43.4,0.1208
418,-1,191.9,195.3,139.5,127.8,0.3688
418,-1,247.4,231.5,40.1,35.0,0.3076
418,-1,218.9,219.5,98.7,91.1,0.2438
419,-1,192.5,197.6,135.1,125.3,0.3441
419,-1,247.1,233.1,40.2,34.6,0.3015
419,-1,218.0,220.6,97.0,90.2,0.2507
420,-1,218.0,220.1,95.3,91.2,0.2976
420,-1,193.6,201.9,133.6,121.5,0.2945
420,-1,247.9,235.2,38.8,33.9,0.2752
421,-1,194.6,206.0,130.3,120.3,0.3038
421,-1,218.9,220.7,93.9,92.0,0.2736
421,-1,248.4,236.9,37.1,32.8,0.2524
422,-1,270.3,284.2,95.5,91.2,0.3547
422,-1,299.2,297.2,38.8,33.6,0.2788
422,-1,246.3,267.2,133.9,118.8,0.2561
423,-1,351.1,350.2,39.7,34.5,0.3697
423,-1,323.6,338.7,99.0,92.2,0.2350
423,-1,295.1,317.4,145.3,125.7,0.2266
424,-1,403.0,401.0,40.0,36.2,0.5307
425,-1,0.0,0.0,204.6,179.3,0.3018
426,-1,0.0,2.0,186.3,214.0,0.4570
426,-1,248.5,3.0,263.5,314.8,0.1027
427,-1,0.0,2.7,209.7,240.5,0.4258
427,-1,14.5,15.0,146.4,146.4,0.1260
427,-1,3.9,51.1,166.7,162.8,0.1037
428,-1,0.0,0.6,223.6,243.3,0.4643
428,-1,27.5,20.8,155.9,151.7,0.1066
429,-1,7.8,11.8,215.3,240.8,0.4585
429,-1,0.0,8.7,289.7,301.5,0.3958
430,-1,0.0,0.0,313.0,389.3,0.4324
430,-1,16.9,21.4,229.7,246.9,0.3027
431,-1,16.8,48.6,262.1,260.1,0.4474
431,-1,0.0,60.7,336.2,340.4,0.2574
432,-1,18.3,94.9,309.1,200.2,0.6213
432,-1,19.2,94.0,124.3,157.6,0.2107
432,-1,0.0,96.4,331.5,308.1,0.2056
432,-1,10.6,91.3,190.4,177.6,0.1957
433,-1,33.4,95.7,316.6,258.2,0.5956
433,-1,17.7,98.4,232.7,230.1,0.2132
433,-1,38.0,110.6,128.8,159.7,0.1255
433,-1,163.0,110.6,136.8,159.7,0.1058
434,-1,39.7,112.0,333.7,235.1,0.5012
434,-1,31.7,114.3,224.8,181.3,0.3262
434,-1,48.8,121.4,137.1,160.3,0.1482
435,-1,47.3,122.0,308.0,167.3,0.3777
435,-1,40.3,120.3,175.0,171.8,0.3059
435,-1,166.3,122.1,167.5,163.4,0.1425
436,-1,47.4,125.2,305.3,177.8,0.3406
436,-1,37.8,115.2,206.8,196.1,0.1702
437,-1,52.6,123.3,192.3,185.4,0.3807
437,-1,59.9,119.5,342.9,193.6,0.2784
437,-1,230.2,131.9,131.0,162.4,0.1305
437,-1,64.5,157.4,98.0,148.6,0.1011
438,-1,50.2,120.5,213.2,194.7,0.4560
438,-1,56.1,125.4,338.5,194.0,0.2397
438,-1,186.5,128.5,198.5,196.0,0.1199
438,-1,244.2,136.1,132.7,161.5,0.1148
439,-1,48.6,118.9,207.2,204.5,0.4217
439,-1,55.9,120.8,331.7,208.3,0.2508
439,-1,174.6,125.1,228.0,206.8,0.1670
439,-1,251.6,128.6,134.6,159.0,0.1421
439,-1,59.2,163.4,92.6,153.8,0.1232
440,-1,39.0,117.6,286.8,211.6,0.3875
440,-1,153.4,119.3,273.4,223.3,0.2181
440,-1,268.9,132.6,134.2,144.1,0.1468
440,-1,54.9,165.9,96.7,159.2,0.1299
440,-1,82.2,113.9,355.3,301.0,0.1254
441,-1,137.3,114.1,306.9,249.6,0.2842
441,-1,31.1,113.6,218.4,222.0,0.2658
441,-1,252.2,124.3,183.6,221.0,0.1664
441,-1,49.0,169.8,91.7,162.4,0.1609
441,-1,281.6,132.4,134.6,136.4,0.1036
442,-1,202.8,117.5,250.1,228.3,0.2679
442,-1,23.2,104.7,242.9,239.9,0.2430
442,-1,126.4,109.9,336.9,322.4,0.1622
442,-1,43.1,167.5,97.6,170.4,0.1208
442,-1,356.5,164.5,50.3,46.3,0.1155
443,-1,185.8,104.6,282.6,244.1,0.2344
443,-1,19.4,103.7,243.7,247.4,0.2017
443,-1,272.2,122.0,186.9,219.6,0.1353
443,-1,332.8,151.8,95.9,103.9,0.1109
444,-1,257.1,106.4,229.9,235.9,0.2854
444,-1,12.9,113.0,306.2,246.3,0.1441
444,-1,335.2,147.3,104.6,114.5,0.1400
444,-1,190.1,100.9,314.2,305.2,0.1307
444,-1,399.1,182.6,30.4,27.1,0.1273
445,-1,408.4,184.6,34.2,26.3,0.2540
445,-1,266.3,101.7,243.4,259.9,0.2195
445,-1,338.4,144.1,117.3,119.8,0.1601
445,-1,3.7,101.8,289.9,264.8,0.1564
445,-1,403.3,164.9,39.5,45.5,0.1503
445,-1,170.6,98.3,340.5,363.1,0.1014
446,-1,418.3,186.0,38.1,26.3,0.4666
446,-1,417.8,169.2,39.3,43.0,0.4335
446,-1,345.1,143.3,124.0,124.4,0.3025
446,-1,399.4,160.6,58.1,51.5,0.2379
446,-1,266.6,98.3,244.3,278.0,0.1542
447,-1,426.3,180.9,42.3,32.1,0.4570
447,-1,414.4,159.4,54.3,53.3,0.3722
447,-1,354.2,141.2,127.7,130.5,0.3305
448,-1,428.1,156.0,57.5,56.8,0.4498
448,-1,437.9,171.8,47.3,41.6,0.3683
448,-1,363.5,132.3,135.2,145.4,0.3239
448,-1,391.9,149.3,96.6,69.8,0.2311
449,-1,451.0,160.3,51.3,50.6,0.3206
449,-1,375.6,119.5,136.4,158.8,0.3151
449,-1,433.2,149.1,70.6,60.7,0.1675
449,-1,409.2,140.8,96.7,80.0,0.1139
450,-1,385.2,114.2,126.8,160.8,0.4444
450,-1,167.1,6.5,344.9,366.3,0.1651
450,-1,0.9,33.4,159.3,177.3,0.1129
451,-1,388.0,96.5,124.0,175.1,0.1851
451,-1,0.0,0.0,308.7,237.6,0.1734
451,-1,162.1,4.0,349.9,328.8,0.1267
451,-1,265.3,14.0,246.7,380.9,0.1166
452,-1,0.0,0.0,305.0,237.1,0.1309
453,-1,2.6,181.1,54.9,35.4,0.3444
453,-1,191.4,1.0,318.1,170.2,0.3322
453,-1,124.0,0.7,388.0,218.0,0.1080
453,-1,0.0,0.0,289.9,225.8,0.1028
454,-1,14.9,176.0,62.4,37.1,0.4400
454,-1,197.5,0.8,307.0,163.4,0.4071
454,-1,13.4,175.5,42.5,32.7,0.2777
455,-1,32.0,170.3,63.2,39.3,0.5681
455,-1,209.2,1.0,294.0,157.1,0.3823
455,-1,31.9,170.0,43.0,33.3,0.1446
456,-1,46.1,168.8,45.1,32.1,0.4581
456,-1,44.7,168.3,66.2,41.9,0.2927
456,-1,202.9,1.9,297.1,150.1,0.1937
457,-1,61.3,163.8,45.4,35.6,0.5016
457,-1,61.4,163.2,62.3,44.6,0.2881
457,-1,42.2,205.5,54.8,33.4,0.1218
457,-1,174.1,1.3,337.9,154.0,0.1147
458,-1,79.3,158.9,46.1,36.0,0.4416
458,-1,75.7,158.2,64.5,46.0,0.3423
459,-1,93.7,153.4,47.4,37.4,0.4883
459,-1,90.1,151.9,66.2,46.9,0.1313
459,-1,76.0,199.8,52.8,32.4,0.1000
460,-1,107.9,147.6,52.7,38.7,0.5366
460,-1,89.9,192.8,51.1,32.4,0.2236
460,-1,102.0,146.8,69.0,49.6,0.1191
461,-1,114.4,140.4,64.6,49.5,0.3704
462,-1,118.7,133.4,71.7,51.0,0.4600
463,-1,128.0,126.2,76.4,54.2,0.5928
464,-1,149.6,114.4,72.9,55.9,0.5954
464,-1,0.2,251.8,100.0,167.2,0.1237
464,-1,149.3,175.5,45.8,35.8,0.1216
464,-1,0.2,6.1,279.3,380.7,0.1201
465,-1,169.5,100.0,73.4,62.2,0.6671
465,-1,2.1,260.1,109.2,116.7,0.2421
466,-1,203.7,87.3,61.5,63.3,0.6226
466,-1,3.9,274.5,111.4,86.6,0.1936
466,-1,0.2,245.2,143.5,137.0,0.1798
466,-1,180.4,158.4,56.1,36.1,0.1257
467,-1,204.7,71.2,78.8,72.9,0.6552
467,-1,199.0,148.4,54.0,37.7,0.4298
467,-1,2.4,237.8,155.9,155.9,0.2652
467,-1,16.9,279.3,76.2,80.8,0.2224
467,-1,20.1,293.4,52.1,61.0,0.1974
468,-1,218.2,57.9,84.4,75.9,0.6991
468,-1,213.4,139.3,55.2,36.3,0.3920
468,-1,29.2,284.2,54.5,69.3,0.3637
468,-1,4.7,234.8,164.0,154.5,0.3071
468,-1,28.8,275.5,75.9,85.9,0.1390
469,-1,226.5,43.0,99.1,80.4,0.7319
469,-1,6.2,229.5,170.7,168.8,0.3795
469,-1,38.7,285.2,53.8,63.9,0.3490
469,-1,226.5,129.5,59.7,39.6,0.3221
469,-1,24.1,263.0,137.0,117.4,0.1010
470,-1,242.2,27.5,105.6,84.0,0.4052
470,-1,236.7,117.4,68.9,41.5,0.3858
470,-1,11.6,227.2,175.3,170.8,0.3655
470,-1,43.9,279.0,57.3,70.4,0.3374
470,-1,284.0,32.0,60.9,77.9,0.1267
471,-1,261.3,15.7,103.8,81.6,0.4891
471,-1,247.4,104.0,74.5,47.1,0.4323
471,-1,11.9,224.7,181.4,174.9,0.3722
471,-1,44.8,282.9,63.0,69.0,0.3438
472,-1,46.4,284.5,58.9,72.0,0.5875
472,-1,250.3,88.2,83.3,50.8,0.4135
472,-1,10.8,224.0,186.1,180.9,0.4009
472,-1,262.1,3.3,112.6,78.0,0.3631
473,-1,45.2,284.8,59.5,72.9,0.6072
473,-1,257.7,71.9,96.7,41.7,0.4848
473,-1,9.5,220.8,192.6,189.7,0.4207
474,-1,271.0,48.8,92.0,53.5,0.6509
474,-1,44.6,287.1,62.6,76.5,0.5912
474,-1,8.5,219.6,201.7,200.2,0.2953
474,-1,277.3,0.7,86.6,34.1,0.1516
