1,-1,445.7,454.1,263.0,283.8,0.5580
1,-1,368.2,394.8,380.2,406.8,0.1459
2,-1,446.2,453.8,262.9,283.8,0.5541
2,-1,368.1,394.6,381.2,407.6,0.1438
3,-1,446.1,453.1,263.5,284.1,0.5607
3,-1,368.3,394.8,380.9,406.7,0.1414
4,-1,446.0,453.2,263.3,284.4,0.5599
4,-1,368.2,394.6,380.7,407.2,0.1446
5,-1,445.4,453.6,264.0,283.8,0.5551
5,-1,368.1,394.6,380.9,407.1,0.1415
6,-1,445.4,453.6,264.2,283.9,0.5548
6,-1,368.1,394.7,381.1,407.2,0.1401
7,-1,445.3,453.0,264.2,284.5,0.5550
7,-1,368.1,394.3,381.0,407.3,0.1484
8,-1,445.4,453.6,264.1,284.0,0.5543
8,-1,368.0,394.6,381.2,407.2,0.1407
9,-1,445.5,453.9,264.0,283.6,0.5549
9,-1,368.0,394.8,380.9,406.8,0.1390
10,-1,445.5,453.9,263.9,283.7,0.5531
10,-1,368.0,394.8,381.0,407.1,0.1402
11,-1,445.5,453.4,264.0,284.1,0.5551
11,-1,368.1,394.6,380.7,407.0,0.1474
12,-1,445.5,453.5,264.0,284.0,0.5550
12,-1,368.1,394.7,380.8,406.9,0.1430
13,-1,445.5,453.5,263.9,284.1,0.5546
13,-1,368.0,394.7,380.8,406.9,0.1449
14,-1,445.9,453.5,263.3,284.3,0.5529
14,-1,368.1,395.0,380.3,406.9,0.1464
15,-1,445.6,453.5,263.6,284.7,0.5544
15,-1,368.2,395.0,379.7,406.4,0.1497
16,-1,445.8,453.1,263.6,285.2,0.5511
16,-1,368.2,394.8,379.8,406.7,0.1528
17,-1,430.1,458.1,281.5,277.4,0.5647
17,-1,56.2,34.7,926.2,881.9,0.1040
18,-1,431.1,458.1,281.0,278.1,0.5481
18,-1,52.7,34.7,932.0,881.8,0.1002
19,-1,430.8,457.8,281.2,278.2,0.5435
19,-1,51.2,34.7,931.8,881.8,0.1029
20,-1,413.1,457.9,284.5,289.6,0.5500
20,-1,332.2,405.0,404.8,399.1,0.1356
20,-1,81.1,35.4,881.6,879.8,0.1008
21,-1,412.1,459.0,284.9,288.7,0.5333
21,-1,332.1,402.6,404.6,404.4,0.1469
22,-1,411.7,457.2,285.7,290.8,0.5523
22,-1,333.0,404.0,402.9,401.7,0.1433
23,-1,412.1,450.0,293.8,299.0,0.6330
24,-1,412.5,449.5,294.0,298.0,0.6414
25,-1,412.6,448.6,293.5,298.6,0.6484
26,-1,429.1,434.8,284.1,300.3,0.5254
26,-1,355.2,372.2,385.3,414.3,0.2178
27,-1,429.0,435.3,283.3,300.0,0.5367
27,-1,356.2,371.9,383.8,414.2,0.2355
28,-1,429.3,436.3,283.9,300.4,0.5337
28,-1,355.6,374.0,385.0,413.8,0.2141
29,-1,430.3,434.9,285.0,290.7,0.5262
29,-1,345.2,364.6,393.8,424.6,0.2953
30,-1,429.7,432.9,286.1,293.5,0.5002
30,-1,345.6,364.4,393.1,424.8,0.3093
31,-1,429.9,428.7,285.9,297.4,0.5073
31,-1,346.5,364.6,392.5,424.9,0.3098
32,-1,400.0,466.3,298.7,308.4,0.6516
32,-1,314.3,399.3,414.8,449.3,0.1583
33,-1,400.3,467.2,298.1,307.8,0.6513
33,-1,314.5,400.6,415.6,448.0,0.1471
34,-1,399.4,467.0,299.7,307.9,0.6483
34,-1,312.6,400.0,417.6,449.3,0.1464
35,-1,393.2,467.6,307.9,305.2,0.6153
35,-1,309.1,400.6,416.2,448.9,0.1334
36,-1,393.0,466.3,308.7,306.1,0.6140
36,-1,307.8,400.0,418.0,449.2,0.1328
37,-1,392.3,466.6,309.3,306.6,0.6126
37,-1,306.8,399.6,418.9,450.7,0.1386
38,-1,411.7,452.8,294.0,286.1,0.6682
39,-1,410.8,450.8,294.8,288.8,0.6799
40,-1,412.4,451.9,293.3,283.7,0.6758
41,-1,406.2,436.8,308.9,322.3,0.6066
42,-1,406.1,438.2,309.3,324.5,0.5902
43,-1,406.8,438.5,308.0,320.7,0.6143
44,-1,395.3,443.2,319.9,335.0,0.6007
44,-1,323.7,386.0,411.8,450.8,0.1701
45,-1,397.5,445.0,317.1,333.5,0.6009
45,-1,324.0,387.6,411.3,450.2,0.1627
46,-1,395.0,444.3,320.3,335.4,0.5937
46,-1,323.1,388.3,412.9,449.3,0.1619
47,-1,398.3,464.9,307.0,291.4,0.6593
48,-1,397.7,464.3,307.9,292.5,0.6602
49,-1,397.8,463.5,306.8,292.9,0.6575
50,-1,385.2,469.9,296.5,304.0,0.5677
50,-1,296.1,392.3,421.1,447.4,0.1022
51,-1,385.0,469.9,296.8,303.4,0.5774
52,-1,385.1,470.0,296.8,305.8,0.5501
53,-1,384.6,470.0,294.7,302.9,0.5973
53,-1,296.6,390.1,423.4,453.1,0.1058
54,-1,384.6,470.4,292.8,300.4,0.5970
54,-1,296.2,390.3,422.9,453.1,0.1071
55,-1,384.6,470.2,292.6,301.2,0.5996
55,-1,296.1,390.5,421.9,452.9,0.1111
56,-1,402.4,470.2,283.7,292.6,0.5746
57,-1,402.0,470.6,283.1,290.2,0.5841
58,-1,402.2,470.4,283.7,290.0,0.5951
59,-1,406.0,470.4,291.7,288.7,0.6378
59,-1,334.4,412.1,401.9,408.1,0.1105
60,-1,406.6,470.5,290.7,288.6,0.6401
60,-1,334.8,413.3,400.8,406.8,0.1093
61,-1,407.3,470.4,288.4,288.8,0.6237
61,-1,332.2,408.3,403.5,410.4,0.1187
62,-1,387.8,447.0,318.1,314.8,0.6856
63,-1,388.3,448.3,316.3,313.5,0.6800
64,-1,387.8,448.4,316.5,316.7,0.6547
65,-1,374.9,443.3,332.2,322.1,0.6721
66,-1,374.7,443.3,331.9,323.0,0.6718
67,-1,375.3,443.3,329.9,323.4,0.6690
68,-1,368.6,446.0,338.9,322.4,0.6103
69,-1,368.6,446.2,339.7,321.1,0.6209
70,-1,369.0,446.8,339.3,320.6,0.6206
71,-1,367.7,454.2,337.8,309.5,0.5617
72,-1,368.8,454.2,336.8,309.9,0.5604
73,-1,367.8,454.3,338.1,311.5,0.5425
74,-1,372.8,450.0,339.0,347.3,0.5444
75,-1,371.6,450.1,339.8,347.6,0.5367
76,-1,372.1,450.0,338.8,346.4,0.5397
77,-1,373.8,446.9,335.6,341.0,0.6028
78,-1,374.2,447.2,335.4,340.8,0.5997
79,-1,374.2,447.3,336.0,341.4,0.5979
80,-1,369.2,449.0,345.3,332.3,0.6570
81,-1,369.2,449.1,345.4,332.1,0.6506
82,-1,369.5,449.8,344.3,332.1,0.6514
83,-1,362.2,458.0,327.2,343.8,0.5696
84,-1,362.4,458.2,327.0,344.1,0.5773
85,-1,362.4,458.6,324.7,343.2,0.5947
86,-1,355.9,477.6,336.6,348.9,0.5994
87,-1,350.7,475.5,353.0,353.6,0.5939
88,-1,349.9,475.9,355.7,353.5,0.5962
89,-1,352.1,470.6,352.1,360.6,0.5411
90,-1,352.6,471.1,352.3,359.9,0.5402
91,-1,352.5,471.2,353.0,359.2,0.5524
92,-1,377.9,445.1,324.8,326.9,0.6913
93,-1,379.0,445.0,323.7,326.1,0.6921
94,-1,378.2,444.4,324.4,327.7,0.6916
95,-1,380.9,434.2,322.1,330.0,0.7231
96,-1,381.5,434.2,322.4,329.6,0.7260
97,-1,381.1,434.3,322.7,330.3,0.7249
98,-1,357.4,457.3,335.4,353.2,0.4876
99,-1,357.7,458.7,332.5,352.6,0.4942
100,-1,357.6,457.8,335.6,352.8,0.4797
101,-1,358.8,485.2,325.7,354.0,0.4704
102,-1,359.1,485.3,325.2,354.7,0.4720
103,-1,358.8,485.4,325.6,355.5,0.4668
104,-1,361.9,499.3,349.6,363.6,0.5383
105,-1,361.9,499.2,349.5,365.2,0.5202
106,-1,362.7,499.9,349.9,364.6,0.5150
107,-1,379.8,460.7,326.0,340.7,0.6236
108,-1,380.2,460.5,326.2,341.4,0.5955
109,-1,380.4,460.2,325.4,340.2,0.6126
110,-1,359.4,373.0,339.9,331.0,0.6588
110,-1,80.3,36.0,895.0,852.0,0.1343
111,-1,359.1,372.2,340.3,334.2,0.6448
111,-1,0.0,30.5,957.6,863.2,0.1281
112,-1,359.8,373.0,340.2,332.4,0.6516
112,-1,0.0,30.4,957.9,863.0,0.1227
113,-1,359.5,312.3,347.9,329.6,0.7259
113,-1,383.3,363.9,156.8,205.8,0.2269
114,-1,360.1,313.6,347.1,331.4,0.7201
114,-1,383.8,363.0,157.7,206.8,0.1765
115,-1,359.6,314.1,348.2,334.2,0.7077
115,-1,383.4,362.8,158.1,206.6,0.1630
116,-1,385.5,315.0,350.8,326.1,0.7054
117,-1,387.2,315.1,349.3,325.8,0.7089
118,-1,386.1,315.7,349.6,325.9,0.7036
119,-1,388.1,329.4,345.1,339.2,0.6113
120,-1,388.0,329.3,346.0,337.1,0.6241
121,-1,388.1,329.3,346.6,338.9,0.6069
122,-1,351.3,345.5,355.7,390.1,0.3243
122,-1,370.8,374.8,160.9,224.7,0.1218
123,-1,361.3,352.5,342.2,327.5,0.3357
124,-1,350.4,344.2,358.4,388.9,0.3388
125,-1,354.6,327.8,347.7,340.4,0.6210
126,-1,354.5,327.9,347.3,340.3,0.6248
127,-1,354.6,328.0,348.4,339.6,0.6369
128,-1,389.0,268.8,351.7,359.9,0.4476
129,-1,389.5,267.6,351.6,362.4,0.4416
130,-1,389.0,268.6,351.8,356.0,0.4687
131,-1,398.7,239.2,367.6,364.9,0.2773
132,-1,398.2,238.8,368.0,366.6,0.2492
133,-1,400.5,238.6,366.0,364.2,0.2671
134,-1,364.9,245.3,361.0,326.8,0.4859
134,-1,536.4,296.3,172.2,243.5,0.1226
135,-1,364.5,246.2,361.5,325.9,0.4666
135,-1,535.9,295.5,173.0,243.4,0.1245
136,-1,365.7,244.3,360.7,330.0,0.4598
136,-1,537.0,296.6,171.2,241.9,0.1399
137,-1,335.8,254.9,368.4,400.4,0.3945
138,-1,335.7,256.0,370.3,400.2,0.3437
139,-1,335.7,255.6,370.7,399.2,0.3699
140,-1,364.5,264.9,372.6,383.7,0.4062
140,-1,407.3,314.6,161.5,202.5,0.2620
141,-1,365.5,263.5,370.6,383.3,0.4320
141,-1,408.3,314.4,160.8,202.3,0.2442
142,-1,364.9,264.8,373.2,383.0,0.4031
142,-1,408.1,313.6,160.7,203.3,0.2475
143,-1,417.4,306.0,160.0,206.0,0.4066
143,-1,370.9,232.1,399.2,396.7,0.3307
144,-1,416.7,305.2,161.3,208.4,0.3790
144,-1,370.5,231.8,400.1,398.6,0.3218
145,-1,418.8,306.4,162.3,203.3,0.4094
145,-1,369.7,231.3,402.8,399.0,0.2926
146,-1,403.3,269.8,163.3,201.1,0.4250
146,-1,362.9,203.6,401.0,413.8,0.2994
146,-1,564.3,272.2,183.2,272.6,0.2637
147,-1,403.8,268.3,163.2,204.0,0.4455
147,-1,363.5,203.8,400.9,412.7,0.2963
147,-1,564.4,273.9,183.1,271.2,0.2771
148,-1,404.4,269.2,162.1,203.3,0.4596
148,-1,363.8,204.1,398.9,410.7,0.3008
148,-1,563.9,274.0,182.9,271.5,0.2414
149,-1,401.9,277.7,160.4,196.1,0.5261
149,-1,362.4,206.1,399.6,408.0,0.3258
149,-1,564.3,273.7,181.9,274.0,0.2422
150,-1,402.2,278.0,159.7,195.4,0.5237
150,-1,362.6,205.7,398.9,407.8,0.3250
150,-1,564.2,274.4,181.0,273.3,0.2447
151,-1,401.9,277.8,160.9,195.5,0.5135
151,-1,362.4,206.4,399.9,408.9,0.3199
151,-1,564.2,275.1,180.9,273.1,0.2664
152,-1,401.8,277.4,160.8,195.4,0.5000
152,-1,361.8,205.6,401.2,410.0,0.3169
152,-1,564.4,275.5,180.9,271.0,0.2808
153,-1,431.8,322.4,152.1,193.6,0.6161
153,-1,395.8,254.5,405.5,392.3,0.2563
154,-1,431.3,322.6,152.7,193.9,0.6337
154,-1,396.2,255.7,405.3,389.7,0.2785
155,-1,423.5,338.7,169.1,222.4,0.6369
155,-1,595.0,351.3,181.6,254.2,0.3274
155,-1,396.0,283.0,408.6,407.2,0.2792
155,-1,325.5,242.8,564.9,509.4,0.1033
156,-1,424.4,339.5,168.6,221.1,0.6148
156,-1,595.1,353.0,181.3,253.1,0.3264
156,-1,395.8,282.9,409.1,408.8,0.2796
157,-1,422.8,339.6,170.3,222.9,0.6091
157,-1,595.9,352.7,180.1,252.9,0.3164
157,-1,394.6,283.0,409.7,408.3,0.2821
158,-1,423.2,340.0,169.2,222.8,0.6535
158,-1,595.3,352.0,181.4,253.2,0.3278
158,-1,395.8,283.4,408.7,407.2,0.2836
158,-1,326.1,243.3,557.7,509.0,0.1046
159,-1,398.3,336.2,175.0,204.8,0.4099
159,-1,358.7,276.0,419.0,407.2,0.3725
159,-1,570.7,360.9,184.7,238.7,0.1356
159,-1,287.8,235.3,572.0,507.5,0.1062
160,-1,399.0,336.3,174.3,204.6,0.3836
160,-1,359.3,275.8,418.2,408.4,0.3710
160,-1,570.8,360.2,185.1,239.0,0.1346
160,-1,291.9,234.5,564.5,508.2,0.1060
161,-1,397.0,331.7,173.4,210.1,0.5453
161,-1,357.3,268.9,420.3,411.7,0.3969
161,-1,571.6,362.6,185.2,237.2,0.1535
162,-1,397.9,332.1,170.3,208.8,0.6189
162,-1,358.2,269.3,419.7,411.1,0.4032
162,-1,570.8,362.3,185.9,238.9,0.1411
163,-1,397.9,332.5,169.9,208.1,0.6191
163,-1,358.0,268.8,420.3,411.6,0.4067
163,-1,570.6,362.3,185.8,240.3,0.1432
164,-1,397.5,333.1,169.4,208.4,0.6397
164,-1,357.5,268.9,420.4,411.0,0.4102
164,-1,570.1,362.4,186.6,240.0,0.1271
165,-1,427.2,335.1,174.8,209.0,0.6392
165,-1,602.0,361.2,194.0,239.3,0.3573
165,-1,400.5,270.3,422.0,412.5,0.2856
166,-1,426.5,334.7,177.0,210.9,0.6182
166,-1,601.5,361.0,194.8,240.3,0.3142
166,-1,399.8,270.2,421.6,412.3,0.3036
167,-1,618.6,371.2,179.3,227.1,0.5393
167,-1,428.8,343.3,179.7,202.2,0.3361
167,-1,401.4,272.7,428.2,415.3,0.2820
168,-1,618.6,370.9,178.8,227.3,0.5137
168,-1,429.3,343.8,178.3,201.1,0.3253
168,-1,401.7,272.8,426.5,415.3,0.2871
169,-1,618.6,371.3,178.5,227.9,0.5290
169,-1,428.4,343.3,179.6,203.1,0.3318
169,-1,400.6,273.5,428.5,415.3,0.2638
170,-1,402.9,340.9,185.9,212.8,0.6594
170,-1,599.0,385.8,174.4,226.9,0.3941
170,-1,351.9,280.8,451.7,432.7,0.2854
171,-1,403.1,340.4,186.0,212.5,0.6643
171,-1,597.7,385.6,177.6,226.5,0.4060
171,-1,351.4,279.0,454.7,437.1,0.2750
172,-1,402.9,340.0,186.4,213.2,0.6641
172,-1,598.3,386.1,178.0,226.0,0.4003
172,-1,351.2,278.8,456.3,438.8,0.2737
173,-1,407.9,369.9,177.9,199.5,0.6803
173,-1,604.4,403.6,173.9,231.2,0.4154
173,-1,350.2,298.0,461.2,444.7,0.2960
174,-1,407.3,370.6,176.3,198.9,0.7050
174,-1,605.1,403.7,173.2,229.4,0.4171
174,-1,349.7,297.8,461.7,445.7,0.2934
175,-1,406.9,370.7,176.4,200.5,0.6771
175,-1,605.5,403.9,173.8,228.5,0.4229
175,-1,349.6,297.7,464.3,448.4,0.2942
176,-1,446.4,380.9,175.2,208.0,0.8278
176,-1,627.2,405.0,205.2,255.6,0.3466
176,-1,405.0,310.1,445.8,438.7,0.2830
177,-1,446.2,380.7,175.5,208.0,0.8253
177,-1,626.5,405.4,206.0,255.2,0.3656
177,-1,404.9,310.4,446.2,439.2,0.2824
178,-1,446.9,380.9,174.8,207.0,0.8248
178,-1,626.1,406.2,206.0,254.5,0.3753
178,-1,405.7,311.2,445.5,436.1,0.2748
179,-1,446.8,380.8,174.8,208.0,0.8230
179,-1,626.4,406.5,206.5,255.0,0.3643
179,-1,404.9,310.1,447.0,440.6,0.2838
180,-1,467.0,310.5,185.3,236.1,0.7170
180,-1,665.9,333.9,209.2,281.7,0.2709
180,-1,402.8,226.3,513.5,493.3,0.2496
181,-1,474.8,159.7,185.6,232.2,0.7271
181,-1,371.6,48.0,594.9,541.4,0.3113
181,-1,662.2,182.0,233.1,285.1,0.1583
182,-1,475.1,159.7,185.4,231.2,0.7298
182,-1,371.2,47.4,596.0,542.4,0.3087
182,-1,660.2,182.4,234.3,284.2,0.1652
183,-1,475.2,159.8,185.2,231.6,0.7315
183,-1,370.5,47.1,596.4,542.6,0.3029
183,-1,662.0,180.9,232.4,286.8,0.1659
184,-1,465.1,88.6,200.5,253.9,0.5905
184,-1,674.4,116.0,236.3,305.7,0.3811
184,-1,341.5,11.2,659.5,539.0,0.1579
185,-1,466.0,89.3,199.2,255.9,0.6048
185,-1,673.9,116.1,235.3,306.3,0.4022
185,-1,347.2,11.3,646.9,540.6,0.1603
186,-1,466.0,88.5,199.4,255.5,0.5923
186,-1,674.2,115.0,234.7,306.5,0.4067
186,-1,347.4,11.0,646.1,541.8,0.1535
187,-1,465.9,88.4,199.5,256.6,0.5896
187,-1,673.7,116.7,235.2,305.0,0.3885
187,-1,348.0,11.2,645.4,537.9,0.1421
188,-1,474.0,184.8,197.6,242.1,0.6807
188,-1,678.1,218.1,227.1,285.9,0.3438
188,-1,440.3,78.9,523.1,524.7,0.2928
188,-1,299.0,27.3,804.4,630.5,0.1080
189,-1,474.7,184.0,196.6,241.9,0.6970
189,-1,676.5,218.2,227.3,286.7,0.3584
189,-1,439.6,76.1,524.4,529.5,0.3086
189,-1,292.0,25.8,812.8,634.2,0.1234
190,-1,471.7,287.1,181.0,213.6,0.7812
190,-1,659.1,322.0,231.5,265.6,0.3391
190,-1,387.1,202.2,593.5,503.7,0.1589
191,-1,472.0,288.0,180.1,211.7,0.7828
191,-1,657.7,322.6,233.1,264.5,0.3249
191,-1,387.4,203.2,597.3,505.3,0.1664
192,-1,471.7,286.8,180.4,214.3,0.7938
192,-1,658.2,323.1,232.1,263.6,0.3643
192,-1,388.0,201.7,595.8,506.6,0.1640
193,-1,471.8,285.7,180.2,216.3,0.7965
193,-1,685.9,322.5,200.4,262.4,0.2938
193,-1,387.1,199.2,593.9,507.9,0.1786
194,-1,440.0,330.6,189.2,217.0,0.7620
194,-1,670.2,379.1,184.3,252.4,0.3454
194,-1,387.5,232.5,561.1,523.1,0.1242
195,-1,440.1,330.8,190.6,216.9,0.7467
195,-1,666.9,372.6,190.2,261.6,0.3522
195,-1,386.5,231.1,563.4,528.8,0.1275
196,-1,440.0,331.0,189.5,215.4,0.7566
196,-1,662.2,370.8,195.0,262.8,0.3473
196,-1,387.6,235.1,558.1,521.0,0.1339
197,-1,428.1,333.0,189.2,218.3,0.7568
197,-1,655.7,371.2,193.5,254.4,0.3451
198,-1,427.0,331.7,190.8,219.8,0.7544
198,-1,634.0,361.0,223.0,269.7,0.3506
199,-1,428.8,269.0,193.3,245.1,0.7905
199,-1,625.2,319.8,236.4,292.6,0.4653
200,-1,428.8,269.2,193.4,244.7,0.7876
200,-1,625.1,319.8,235.4,294.0,0.4495
201,-1,428.4,269.4,193.6,245.0,0.7842
201,-1,624.7,319.7,235.9,294.6,0.4381
202,-1,429.2,268.7,193.0,245.8,0.7974
202,-1,626.6,320.5,235.0,290.2,0.4696
203,-1,435.0,272.2,190.9,238.3,0.7546
203,-1,663.4,327.1,212.7,266.1,0.3661
204,-1,435.5,271.9,191.0,238.0,0.7536
204,-1,664.4,327.2,211.5,267.5,0.3468
205,-1,448.4,332.0,179.1,217.8,0.7466
205,-1,695.4,385.2,183.2,259.5,0.3341
205,-1,369.1,195.1,723.8,644.9,0.1260
206,-1,444.5,328.2,188.1,226.5,0.7301
206,-1,669.6,367.9,220.9,285.0,0.3510
206,-1,370.7,197.9,719.3,640.0,0.1301
207,-1,444.3,327.3,188.6,226.5,0.7332
207,-1,665.4,366.6,225.6,287.1,0.3538
207,-1,372.5,198.5,717.3,637.7,0.1254
208,-1,444.0,327.9,188.7,226.9,0.7307
208,-1,668.9,367.4,222.6,285.3,0.3604
208,-1,370.7,196.3,722.1,642.8,0.1275
209,-1,443.2,310.9,192.7,248.3,0.7740
209,-1,663.7,354.2,232.4,299.0,0.4328
209,-1,373.6,163.4,746.3,674.5,0.1688
210,-1,443.1,309.9,193.2,248.2,0.7786
210,-1,665.1,354.1,230.1,298.2,0.4309
210,-1,373.4,167.1,745.3,669.2,0.1822
211,-1,442.4,309.5,193.7,249.6,0.7790
211,-1,664.5,354.1,230.8,298.5,0.4323
211,-1,372.1,160.1,751.9,679.4,0.1719
212,-1,432.0,229.1,198.3,259.3,0.7143
212,-1,643.4,275.3,256.5,299.1,0.3594
212,-1,361.1,72.8,772.7,701.5,0.2111
212,-1,752.8,356.9,131.2,191.3,0.1135
213,-1,432.9,227.7,198.3,260.4,0.7199
213,-1,643.8,275.1,255.7,299.6,0.3365
213,-1,360.5,69.5,767.4,701.6,0.2100
213,-1,752.7,358.5,130.1,190.1,0.1109
214,-1,432.2,227.5,198.9,261.4,0.7175
214,-1,643.0,275.9,257.1,300.2,0.3493
214,-1,361.2,69.5,772.9,706.1,0.2011
214,-1,752.2,358.3,130.7,190.9,0.1151
215,-1,420.1,220.2,201.7,258.1,0.7685
215,-1,627.8,265.8,279.9,310.8,0.4357
215,-1,737.4,335.2,136.3,218.2,0.1337
215,-1,695.7,288.1,190.3,273.0,0.1284
216,-1,420.4,220.7,201.1,257.1,0.7572
216,-1,628.9,265.4,279.2,313.6,0.3944
216,-1,732.3,341.3,144.8,215.8,0.1181
216,-1,346.0,56.4,760.9,728.0,0.1023
217,-1,420.2,220.6,201.3,257.1,0.7606
217,-1,628.9,265.7,277.5,313.7,0.4032
218,-1,397.9,328.1,197.9,232.0,0.7363
218,-1,629.5,369.3,230.9,284.4,0.4969
219,-1,397.8,328.4,198.1,231.6,0.7311
219,-1,628.5,369.4,231.6,286.0,0.4906
220,-1,398.0,328.0,198.0,232.3,0.7310
220,-1,629.3,369.3,231.1,285.4,0.4968
221,-1,384.3,384.2,195.8,221.0,0.7118
221,-1,661.2,440.9,176.4,270.3,0.4540
221,-1,601.6,414.3,252.2,322.4,0.1636
222,-1,384.5,384.2,195.4,220.7,0.7126
222,-1,660.7,441.3,177.0,269.7,0.4429
222,-1,600.8,414.3,253.0,323.1,0.1657
223,-1,384.4,384.1,195.8,221.2,0.7061
223,-1,660.6,441.2,177.2,269.8,0.4462
223,-1,601.9,414.1,252.3,324.5,0.1605
224,-1,376.4,351.7,197.2,229.3,0.7317
224,-1,663.4,410.6,173.6,274.6,0.4535
225,-1,376.5,351.2,197.1,230.3,0.7315
225,-1,663.4,409.6,173.7,275.2,0.4678
226,-1,376.7,351.5,197.1,229.8,0.7211
226,-1,664.4,410.2,172.3,274.1,0.4680
227,-1,373.2,262.5,217.0,267.6,0.7801
227,-1,608.9,321.8,261.6,307.3,0.4287
227,-1,672.7,346.4,177.6,269.6,0.2404
228,-1,373.3,262.6,216.5,267.7,0.7830
228,-1,608.9,321.6,261.2,306.0,0.4543
228,-1,673.4,341.1,173.3,274.9,0.2039
229,-1,373.1,262.6,216.9,269.6,0.7812
229,-1,607.9,321.5,261.3,306.3,0.4573
229,-1,673.3,340.4,173.4,276.3,0.1895
230,-1,385.8,153.8,226.5,286.9,0.6720
230,-1,625.5,218.5,285.7,329.0,0.3619
231,-1,386.2,153.7,226.3,287.7,0.6732
231,-1,626.3,218.5,285.1,329.3,0.3558
232,-1,386.4,153.5,225.7,287.1,0.6784
232,-1,623.8,219.1,287.7,328.4,0.3683
233,-1,369.1,148.7,223.4,286.0,0.7276
233,-1,606.8,212.6,283.3,327.8,0.3106
234,-1,369.1,148.4,223.4,286.2,0.7264
234,-1,610.8,212.5,276.4,327.8,0.3178
235,-1,369.2,148.4,223.2,285.9,0.7230
235,-1,605.4,211.9,282.8,331.3,0.3167
236,-1,302.7,247.2,224.0,268.3,0.6548
236,-1,553.9,319.3,258.7,305.4,0.4734
237,-1,303.3,247.5,222.8,268.9,0.6546
237,-1,553.3,318.7,259.6,306.1,0.4437
238,-1,302.7,247.1,223.1,268.2,0.6515
238,-1,550.2,319.3,262.8,305.3,0.4600
238,-1,617.5,335.7,171.8,278.7,0.2523
239,-1,240.1,291.7,239.3,280.1,0.6743
239,-1,509.2,359.2,256.6,307.2,0.4383
239,-1,568.2,393.4,173.9,265.8,0.1520
239,-1,612.6,453.9,127.1,187.4,0.1385
240,-1,240.1,291.4,239.2,278.4,0.6767
240,-1,511.5,359.1,254.6,305.3,0.4514
240,-1,611.9,453.7,128.6,186.7,0.1467
241,-1,240.4,291.5,238.9,280.5,0.6733
241,-1,508.9,359.1,256.7,307.0,0.4540
241,-1,568.1,394.2,174.4,264.2,0.1627
241,-1,611.7,453.4,128.0,188.0,0.1411
242,-1,206.0,251.5,249.3,280.1,0.5985
242,-1,479.5,310.8,269.9,321.1,0.4712
243,-1,204.4,251.4,250.5,285.2,0.5908
243,-1,479.6,310.6,270.0,323.1,0.4650
244,-1,205.6,252.2,249.1,278.9,0.5915
244,-1,478.5,310.3,270.8,322.7,0.4697
245,-1,184.6,199.1,259.7,311.6,0.6710
245,-1,460.5,271.0,278.3,333.0,0.6032
246,-1,184.1,197.7,260.3,316.7,0.6696
246,-1,460.7,271.2,277.5,330.2,0.6060
247,-1,184.8,198.8,259.5,312.2,0.6702
247,-1,460.7,269.6,278.1,330.8,0.6098
248,-1,172.3,187.9,267.7,300.0,0.6563
248,-1,461.4,257.7,273.9,344.9,0.5268
248,-1,536.3,316.1,174.9,270.0,0.1787
249,-1,172.2,187.8,267.7,300.8,0.6511
249,-1,462.1,257.6,272.4,344.4,0.5335
249,-1,534.7,310.0,176.8,276.5,0.1805
250,-1,172.6,187.9,267.2,300.3,0.6530
250,-1,460.9,258.4,273.5,342.7,0.5625
250,-1,532.5,303.6,179.8,283.1,0.1925
251,-1,186.1,200.5,256.9,290.0,0.6498
251,-1,467.6,267.4,290.0,333.3,0.5480
251,-1,534.3,320.0,196.7,274.0,0.1310
252,-1,186.0,199.5,257.6,290.5,0.6530
252,-1,467.3,268.2,290.3,333.3,0.5432
252,-1,535.2,323.2,195.8,271.1,0.1267
253,-1,185.9,200.6,257.3,287.7,0.6435
253,-1,469.4,267.2,288.7,334.0,0.5264
253,-1,534.1,320.2,197.1,274.1,0.1327
254,-1,213.3,215.7,258.2,304.2,0.6102
254,-1,496.7,291.2,286.2,339.3,0.5667
255,-1,214.0,217.3,257.1,299.3,0.6082
255,-1,497.7,291.8,285.2,338.7,0.5481
256,-1,213.5,217.0,257.8,297.0,0.6101
256,-1,497.2,291.1,285.9,340.1,0.5492
257,-1,222.7,198.0,269.8,324.8,0.6214
257,-1,514.0,270.5,283.2,361.1,0.5674
257,-1,586.5,313.2,192.8,305.5,0.1886
258,-1,222.4,198.9,269.9,324.5,0.6312
258,-1,513.6,272.2,283.7,362.4,0.5269
258,-1,586.4,313.4,193.4,306.2,0.1635
259,-1,218.3,152.8,267.6,312.3,0.6825
259,-1,508.9,223.6,298.7,373.7,0.4652
259,-1,586.2,318.9,194.2,259.0,0.1217
260,-1,217.9,153.0,268.4,314.6,0.6655
260,-1,509.1,224.3,297.8,370.8,0.4879
260,-1,585.3,318.6,195.0,258.9,0.1268
261,-1,217.9,153.3,267.8,311.4,0.6687
261,-1,510.2,224.0,297.0,373.7,0.4727
261,-1,584.9,312.9,195.0,265.9,0.1278
262,-1,218.0,153.3,268.1,316.1,0.6439
262,-1,510.1,222.2,297.0,378.1,0.4582
262,-1,583.9,301.4,196.5,280.0,0.1138
263,-1,228.8,76.9,289.1,364.7,0.6169
263,-1,528.9,184.9,309.6,370.0,0.4577
263,-1,624.7,299.7,183.2,231.0,0.1233
264,-1,229.9,77.7,287.2,362.3,0.6267
264,-1,529.2,185.0,309.0,369.6,0.4644
264,-1,626.0,300.3,181.7,230.3,0.1223
265,-1,229.2,77.3,288.3,363.3,0.6221
265,-1,528.4,185.3,308.9,368.8,0.4728
265,-1,601.8,216.0,216.2,315.8,0.1263
266,-1,276.5,31.4,297.4,381.4,0.6081
266,-1,611.5,125.0,305.8,398.0,0.3518
266,-1,681.0,159.3,208.5,346.0,0.1069
267,-1,276.9,32.2,296.5,379.7,0.6147
267,-1,611.8,127.0,304.9,395.9,0.3548
267,-1,681.6,159.8,207.0,345.2,0.1131
268,-1,277.1,32.5,297.0,384.0,0.5976
268,-1,610.8,128.2,306.4,394.7,0.3554
269,-1,302.0,18.0,302.3,365.1,0.5982
269,-1,627.3,111.7,326.1,385.0,0.3650
270,-1,302.5,17.8,301.6,363.8,0.5898
270,-1,627.2,111.8,327.6,383.9,0.3544
271,-1,302.8,19.2,301.3,363.6,0.5916
271,-1,627.1,110.9,326.7,384.8,0.3547
272,-1,287.3,24.1,304.9,360.4,0.5727
272,-1,629.5,97.0,324.9,417.7,0.2739
273,-1,288.0,25.4,304.1,357.7,0.5796
273,-1,631.7,96.4,321.8,417.9,0.2690
274,-1,287.2,24.5,305.4,362.5,0.5710
274,-1,631.3,98.7,323.1,418.0,0.2669
275,-1,269.4,59.3,290.4,363.8,0.6514
275,-1,602.1,155.3,313.6,393.3,0.2935
276,-1,270.0,59.8,289.3,358.8,0.6597
276,-1,600.4,155.9,315.3,392.7,0.3090
277,-1,269.0,58.4,290.4,361.1,0.6420
277,-1,599.2,156.0,317.9,393.0,0.2852
278,-1,237.8,180.1,284.6,318.6,0.5464
278,-1,552.0,263.2,326.7,380.5,0.3452
278,-1,636.2,336.3,213.3,296.7,0.1105
279,-1,237.5,180.6,284.8,318.8,0.5363
279,-1,553.0,263.6,326.3,379.2,0.3245
279,-1,629.7,307.1,227.3,325.3,0.1154
280,-1,237.2,181.4,285.0,323.2,0.4989
280,-1,552.5,263.7,327.1,379.5,0.3242
280,-1,629.5,306.6,228.3,326.0,0.1160
281,-1,210.3,165.9,322.4,393.3,0.5423
281,-1,557.6,296.3,327.3,389.1,0.3391
281,-1,628.5,335.4,230.4,320.6,0.1274
282,-1,210.3,165.9,322.3,392.7,0.5345
282,-1,556.3,297.3,329.0,387.9,0.3458
282,-1,242.6,215.2,262.0,287.5,0.1816
282,-1,627.5,336.9,230.7,319.1,0.1188
283,-1,210.1,165.4,322.7,394.0,0.5440
283,-1,557.0,297.5,329.1,387.8,0.3471
283,-1,241.9,214.5,263.4,289.2,0.1683
283,-1,628.7,340.3,229.1,315.1,0.1104
284,-1,258.2,98.6,290.7,365.2,0.5576
284,-1,601.9,213.3,315.0,386.9,0.2288
284,-1,684.5,318.4,201.9,273.9,0.1865
285,-1,258.7,98.4,291.1,363.6,0.5709
285,-1,603.8,213.6,313.2,387.1,0.2146
285,-1,686.3,321.5,200.0,270.6,0.1964
286,-1,258.5,97.9,291.6,367.4,0.5516
286,-1,600.6,213.6,316.4,386.6,0.2321
286,-1,685.1,322.4,201.2,269.5,0.1938
287,-1,275.7,33.6,318.1,415.5,0.4408
287,-1,623.1,147.2,360.6,423.6,0.2862
287,-1,697.2,198.0,259.7,350.6,0.2323
288,-1,276.1,34.1,318.0,415.9,0.4387
288,-1,623.5,146.2,360.4,427.0,0.2949
288,-1,691.6,205.8,268.0,341.8,0.2808
289,-1,275.8,34.2,318.0,415.9,0.4363
289,-1,623.3,148.3,360.0,421.7,0.2933
289,-1,693.5,205.8,265.5,340.8,0.2776
290,-1,315.3,64.9,299.5,361.3,0.5096
290,-1,661.9,168.7,372.8,427.8,0.3744
290,-1,737.5,211.8,259.9,361.9,0.2786
291,-1,315.8,65.5,298.8,359.1,0.5056
291,-1,661.8,171.0,372.7,425.8,0.3758
291,-1,738.4,212.5,258.6,360.6,0.2958
292,-1,315.8,65.5,299.0,360.6,0.5077
292,-1,662.9,171.7,371.6,422.1,0.3800
292,-1,755.3,227.8,242.7,347.0,0.1067
293,-1,290.1,97.0,307.4,394.1,0.5272
293,-1,664.9,229.5,330.2,413.1,0.2826
293,-1,730.8,288.6,236.0,324.1,0.2029
294,-1,289.0,95.9,308.8,396.3,0.5214
294,-1,666.3,229.8,328.8,407.7,0.2963
294,-1,731.8,287.6,236.2,325.5,0.1874
295,-1,289.4,97.5,308.3,393.6,0.5313
295,-1,666.2,230.8,328.7,407.8,0.2959
295,-1,731.6,290.3,235.6,322.9,0.1989
296,-1,234.5,143.0,320.1,368.7,0.3803
296,-1,667.9,295.2,258.1,359.0,0.3247
297,-1,235.1,144.2,319.1,367.3,0.3882
297,-1,669.1,296.5,255.8,357.4,0.3231
298,-1,235.0,143.7,319.1,367.2,0.4090
298,-1,670.9,297.2,253.4,357.5,0.3164
299,-1,210.4,174.5,323.6,372.7,0.5141
299,-1,579.6,306.9,351.1,406.6,0.4211
299,-1,687.6,402.8,212.4,281.8,0.2060
300,-1,209.1,173.1,324.8,378.1,0.4898
300,-1,578.3,306.8,351.9,406.0,0.4346
300,-1,686.2,393.5,214.0,290.5,0.1963
301,-1,210.3,173.4,324.0,377.5,0.5021
301,-1,579.9,306.2,352.0,409.2,0.4216
301,-1,686.5,404.3,213.7,280.4,0.2089
302,-1,256.4,197.8,310.7,363.8,0.3704
302,-1,601.2,316.0,388.1,437.5,0.3654
302,-1,711.5,356.6,262.0,353.6,0.2303
303,-1,600.9,314.8,387.4,438.1,0.3725
303,-1,255.7,197.5,311.3,364.5,0.3640
303,-1,713.7,355.4,259.0,354.6,0.2288
303,-1,762.9,435.2,183.4,257.8,0.1020
304,-1,599.3,315.6,388.4,436.7,0.3807
304,-1,245.6,172.0,323.7,419.7,0.3675
304,-1,712.0,354.7,261.2,354.9,0.2405
304,-1,272.7,217.4,260.9,298.7,0.1409
304,-1,761.9,435.0,184.8,258.3,0.1051
305,-1,248.4,158.5,339.5,421.7,0.3828
305,-1,641.3,305.7,365.0,436.4,0.3189
305,-1,743.0,338.4,236.8,369.5,0.2014
306,-1,248.1,158.3,340.0,422.2,0.3803
306,-1,638.5,305.7,367.4,436.1,0.3233
306,-1,743.3,340.9,236.3,366.5,0.1814
306,-1,277.1,207.6,268.4,315.6,0.1292
307,-1,248.0,158.3,340.8,425.8,0.3604
307,-1,639.5,305.7,366.4,436.6,0.3192
307,-1,744.0,338.6,235.8,368.7,0.1917
307,-1,277.0,208.1,268.6,313.0,0.1376
308,-1,221.9,158.0,322.5,366.0,0.3626
308,-1,602.6,291.8,372.1,417.4,0.3587
309,-1,221.2,158.5,323.3,366.8,0.3436
309,-1,603.1,291.1,372.3,417.4,0.3413
309,-1,702.5,325.3,253.4,366.5,0.1462
310,-1,220.5,158.1,324.5,367.0,0.3520
310,-1,603.5,291.5,371.3,415.5,0.3456
310,-1,712.7,326.8,236.4,365.4,0.1056
311,-1,178.5,164.1,341.9,370.6,0.5185
311,-1,583.5,302.2,374.4,436.9,0.3353
312,-1,177.8,164.0,342.7,370.9,0.5217
312,-1,581.1,301.9,376.7,437.8,0.3343
313,-1,178.3,162.7,342.2,370.7,0.5222
313,-1,581.5,301.5,377.0,437.9,0.3316
314,-1,556.7,360.5,408.1,445.8,0.4770
314,-1,129.0,225.1,391.7,387.9,0.4585
314,-1,675.2,405.8,267.9,379.7,0.1521
315,-1,555.8,360.4,407.4,445.9,0.4754
315,-1,129.7,225.4,391.0,387.2,0.4660
315,-1,673.8,404.8,267.7,380.6,0.1728
316,-1,556.0,360.7,406.2,445.5,0.4835
316,-1,129.1,225.5,391.4,387.4,0.4743
316,-1,672.6,404.2,268.2,381.9,0.1728
317,-1,554.8,386.3,424.1,460.8,0.4971
317,-1,131.7,241.7,393.2,405.3,0.3723
317,-1,673.1,437.0,289.2,388.3,0.2729
317,-1,188.7,301.1,267.2,274.9,0.1032
318,-1,555.7,386.5,423.6,460.2,0.4900
318,-1,130.8,242.1,394.1,404.9,0.3825
318,-1,671.8,438.4,290.7,387.4,0.2854
318,-1,187.9,301.0,270.1,277.3,0.1003
319,-1,556.6,386.2,422.8,460.8,0.4844
319,-1,130.9,241.7,394.1,405.3,0.3814
319,-1,670.8,435.7,291.9,390.1,0.2750
319,-1,188.1,299.8,272.2,279.4,0.1016
320,-1,603.7,358.1,398.4,448.1,0.4688
320,-1,137.2,201.1,400.1,415.0,0.3437
320,-1,705.0,411.9,277.4,378.6,0.2844
320,-1,201.2,257.5,284.1,306.3,0.1133
321,-1,603.0,357.9,399.5,448.1,0.4706
321,-1,137.0,201.2,400.5,415.6,0.3443
321,-1,703.5,411.3,279.5,379.6,0.2696
321,-1,199.9,257.4,288.8,308.0,0.1090
322,-1,600.6,357.6,401.0,448.3,0.4739
322,-1,138.5,200.6,399.2,413.6,0.3307
322,-1,704.1,411.9,278.4,378.5,0.2719
322,-1,200.3,253.6,288.8,312.9,0.1046
323,-1,573.2,329.1,460.3,484.1,0.5278
323,-1,159.6,179.7,382.6,412.8,0.5190
323,-1,702.4,400.7,297.3,373.7,0.4133
324,-1,584.1,331.3,429.4,480.9,0.5211
324,-1,159.6,179.3,382.6,412.4,0.5164
324,-1,701.9,400.6,296.8,373.5,0.4186
325,-1,583.2,331.3,430.1,479.8,0.5195
325,-1,159.6,179.5,382.7,412.4,0.5155
325,-1,701.9,400.3,296.9,373.5,0.4005
326,-1,592.1,347.3,429.4,469.3,0.5157
326,-1,150.8,190.1,389.2,409.7,0.4740
326,-1,705.8,404.1,306.0,394.3,0.2778
327,-1,592.2,347.3,428.9,468.1,0.5137
327,-1,150.6,190.3,389.4,411.1,0.4661
327,-1,705.8,403.9,305.5,393.6,0.2781
328,-1,592.3,347.0,428.0,468.5,0.5059
328,-1,150.4,190.3,389.7,411.0,0.4634
329,-1,607.2,348.0,426.7,474.6,0.5171
329,-1,152.2,179.7,390.0,412.5,0.5005
329,-1,188.3,241.8,290.0,271.3,0.1040
330,-1,604.7,347.7,428.6,475.1,0.5172
330,-1,152.1,179.6,390.1,411.0,0.4908
330,-1,721.5,398.7,299.2,403.1,0.2314
330,-1,188.3,241.9,289.6,270.3,0.1089
331,-1,603.6,347.5,428.8,476.6,0.5274
331,-1,151.9,179.5,390.3,408.8,0.4907
331,-1,723.9,399.9,294.2,402.3,0.2642
331,-1,188.8,242.8,286.0,268.7,0.1059
332,-1,157.4,150.8,406.9,413.1,0.4719
332,-1,649.2,290.7,421.3,512.5,0.4171
332,-1,811.2,445.8,221.1,258.8,0.3235
332,-1,763.7,381.3,289.3,403.2,0.1944
332,-1,529.1,90.4,559.7,751.2,0.1726
333,-1,158.1,151.4,405.9,410.9,0.4796
333,-1,648.1,291.4,422.2,513.7,0.4119
333,-1,811.7,445.1,220.7,259.1,0.3218
333,-1,764.2,380.2,289.3,406.5,0.1975
333,-1,528.9,93.9,559.6,747.3,0.1653
334,-1,157.8,151.7,405.7,410.9,0.4921
334,-1,644.6,292.2,425.6,513.7,0.4157
334,-1,811.4,444.6,221.9,259.9,0.3189
334,-1,763.7,380.4,290.4,407.9,0.1760
334,-1,532.1,97.0,555.8,743.9,0.1629
335,-1,170.5,137.1,398.2,420.0,0.5117
335,-1,749.6,391.7,320.5,387.4,0.3299
335,-1,823.8,451.4,232.4,251.8,0.3055
335,-1,598.5,150.1,507.9,666.1,0.2344
335,-1,437.9,43.3,670.7,871.0,0.1709
336,-1,170.5,137.7,398.4,419.9,0.5149
336,-1,749.9,391.5,320.3,387.9,0.3401
336,-1,823.7,451.0,232.7,251.4,0.3009
336,-1,597.9,143.8,508.7,672.6,0.2385
336,-1,439.3,43.8,667.6,870.6,0.1751
337,-1,168.5,137.0,400.3,421.8,0.5082
337,-1,751.3,391.4,318.6,387.1,0.3947
337,-1,823.9,452.4,230.9,250.9,0.3078
337,-1,563.2,87.2,553.4,750.5,0.2333
337,-1,639.1,298.1,451.7,506.7,0.1064
338,-1,812.3,439.5,248.1,269.5,0.6283
338,-1,149.7,160.7,411.6,416.9,0.5718
338,-1,582.1,197.8,534.2,666.1,0.1442
339,-1,811.4,439.4,249.7,270.1,0.6244
339,-1,150.2,160.1,411.7,415.5,0.5711
339,-1,582.8,194.6,534.9,669.2,0.1426
340,-1,811.3,439.1,249.5,270.1,0.6293
340,-1,150.2,159.8,411.5,416.7,0.5693
340,-1,583.4,203.5,531.7,658.1,0.1433
341,-1,807.3,473.2,253.7,263.4,0.6358
341,-1,144.6,174.1,401.7,425.9,0.5961
341,-1,648.8,343.4,435.2,482.7,0.2853
341,-1,452.9,43.2,655.5,854.8,0.1043
342,-1,807.3,473.3,253.7,263.0,0.6287
342,-1,144.2,174.2,402.0,425.4,0.6021
342,-1,650.8,342.7,433.5,484.0,0.2798
342,-1,451.9,43.3,656.8,856.2,0.1016
343,-1,808.2,472.9,253.0,262.8,0.6181
343,-1,144.3,174.4,401.7,423.3,0.5931
343,-1,652.4,342.7,432.5,482.9,0.2787
344,-1,796.8,470.7,262.1,268.1,0.6123
344,-1,118.6,172.6,417.7,425.8,0.5932
344,-1,701.6,356.9,382.6,432.4,0.2144
344,-1,586.8,290.4,511.1,566.5,0.1712
344,-1,460.8,66.5,643.2,876.0,0.1326
345,-1,797.1,471.5,262.0,266.4,0.6149
345,-1,119.3,172.4,417.2,425.1,0.5954
345,-1,701.9,357.0,383.2,431.8,0.2098
345,-1,587.2,289.3,512.1,567.6,0.1684
345,-1,461.3,66.8,644.0,875.1,0.1231
346,-1,795.9,471.7,263.3,267.1,0.6136
346,-1,119.0,171.9,417.8,426.4,0.5917
346,-1,651.5,343.9,433.4,475.9,0.2028
346,-1,460.4,68.0,646.1,874.7,0.1178
347,-1,785.6,489.7,264.1,258.7,0.6252
347,-1,98.1,175.8,427.0,424.4,0.5957
347,-1,660.9,362.8,422.8,447.2,0.1398
347,-1,116.2,214.8,322.2,313.9,0.1312
348,-1,786.7,491.1,262.0,255.4,0.5969
348,-1,97.8,175.7,428.0,421.9,0.5948
348,-1,658.7,362.7,426.0,448.9,0.1294
348,-1,116.3,215.8,319.4,312.2,0.1239
349,-1,771.1,513.7,279.5,268.7,0.6800
349,-1,85.0,212.2,431.4,427.6,0.5912
349,-1,689.4,412.4,382.6,399.6,0.1825
349,-1,90.8,232.7,299.5,323.9,0.1389
350,-1,771.4,513.4,279.9,269.1,0.6877
350,-1,85.2,211.9,431.0,427.7,0.5917
350,-1,690.1,412.4,382.5,400.6,0.1901
350,-1,90.7,232.4,298.9,323.3,0.1434
351,-1,770.9,514.3,280.6,267.9,0.6876
351,-1,85.1,212.0,430.9,426.7,0.5917
351,-1,689.1,412.3,384.2,399.9,0.1743
351,-1,90.4,232.7,298.4,324.0,0.1522
352,-1,771.1,515.4,279.8,267.2,0.6911
352,-1,84.9,212.0,431.3,427.1,0.5897
352,-1,690.5,412.3,382.1,400.7,0.1779
352,-1,90.6,232.5,299.1,323.6,0.1538
353,-1,775.6,529.9,272.5,256.2,0.7004
353,-1,72.0,203.2,440.3,446.3,0.5976
353,-1,88.8,235.7,276.0,321.7,0.1434
353,-1,664.3,420.7,418.1,407.6,0.1223
354,-1,774.9,529.7,273.3,255.8,0.7004
354,-1,72.9,202.9,438.8,445.2,0.5973
354,-1,664.0,419.7,417.6,408.8,0.1365
354,-1,89.1,235.9,277.7,322.3,0.1264
355,-1,774.6,528.2,273.8,257.3,0.7036
355,-1,72.2,203.1,439.5,445.1,0.5984
355,-1,89.2,237.6,277.6,320.5,0.1373
355,-1,663.7,420.0,416.7,408.4,0.1364
356,-1,811.0,471.3,248.5,272.0,0.6510
356,-1,89.0,141.2,446.3,474.0,0.5874
356,-1,385.0,61.0,722.3,894.1,0.2221
356,-1,114.3,212.4,229.7,269.6,0.1772
357,-1,810.2,470.6,248.6,273.2,0.6569
357,-1,89.8,141.1,445.3,473.4,0.5837
357,-1,377.4,60.8,732.3,893.9,0.2149
357,-1,103.5,179.1,274.1,327.7,0.1753
358,-1,810.6,472.5,247.0,269.5,0.6437
358,-1,89.0,141.0,446.3,474.3,0.5844
358,-1,384.7,60.8,722.9,896.2,0.2144
358,-1,104.5,181.3,269.5,317.8,0.1810
359,-1,93.2,104.9,460.9,491.0,0.6404
359,-1,835.2,459.4,246.4,251.3,0.4971
359,-1,415.9,45.1,699.0,869.8,0.2893
359,-1,121.6,172.7,253.7,310.9,0.2202
359,-1,620.7,194.1,486.6,672.7,0.1066
359,-1,26.0,52.8,562.2,684.8,0.1011
360,-1,93.1,105.1,460.4,490.1,0.6385
360,-1,841.7,469.6,228.2,235.7,0.5018
360,-1,410.9,45.1,703.4,870.0,0.2845
360,-1,121.5,173.8,255.6,309.4,0.2036
360,-1,620.9,192.4,486.1,675.5,0.1102
360,-1,26.9,55.8,561.3,679.7,0.1067
361,-1,92.8,105.1,460.8,490.7,0.6371
361,-1,834.5,459.9,246.8,249.0,0.5260
361,-1,408.5,44.8,707.0,870.1,0.2837
361,-1,122.8,172.4,246.4,310.0,0.1874
361,-1,26.4,56.7,562.0,681.8,0.1134
361,-1,620.2,196.3,487.1,668.9,0.1046
362,-1,91.7,109.4,463.5,496.6,0.6023
362,-1,847.4,465.4,236.5,263.7,0.5003
362,-1,531.0,82.6,598.0,834.2,0.3211
362,-1,122.8,175.3,256.9,310.4,0.2154
363,-1,91.0,109.8,464.1,495.1,0.6048
363,-1,848.3,466.6,235.2,262.2,0.5009
363,-1,532.3,84.3,596.6,830.2,0.3205
363,-1,121.3,167.3,267.3,317.7,0.2642
364,-1,92.9,109.9,461.9,493.8,0.6050
364,-1,847.9,467.7,235.1,262.7,0.4895
364,-1,532.3,84.7,596.5,829.6,0.3263
364,-1,122.8,173.2,258.3,308.2,0.2215
365,-1,812.5,511.0,254.9,260.1,0.7341
365,-1,51.8,168.8,467.0,489.1,0.5702
366,-1,812.8,510.8,253.0,259.8,0.7254
366,-1,52.0,168.7,465.7,489.2,0.5728
367,-1,813.6,511.5,252.3,258.3,0.7305
367,-1,51.9,168.6,466.1,489.2,0.5733
368,-1,69.4,205.2,371.0,487.6,0.6095
368,-1,720.2,585.8,289.3,269.8,0.4846
369,-1,69.5,205.3,371.0,487.2,0.6087
369,-1,720.0,584.8,291.1,271.1,0.4909
370,-1,69.4,204.8,371.0,487.8,0.6097
370,-1,719.6,584.8,291.9,270.8,0.4875
370,-1,619.5,488.2,432.8,377.0,0.1003
371,-1,71.1,214.5,342.2,492.5,0.5304
371,-1,696.3,626.3,261.8,251.9,0.5064
372,-1,71.5,214.6,341.4,491.0,0.5265
372,-1,696.0,625.5,262.4,253.0,0.5161
373,-1,71.5,214.3,341.8,491.9,0.5258
373,-1,696.5,624.9,263.8,253.0,0.5040
374,-1,66.7,209.6,390.6,493.1,0.6107
374,-1,757.0,573.4,293.2,279.8,0.5014
375,-1,66.5,209.1,390.9,493.8,0.6107
375,-1,757.7,573.4,292.3,278.9,0.5114
376,-1,65.7,209.5,391.5,493.1,0.6073
376,-1,756.9,573.9,292.9,279.6,0.5150
377,-1,54.2,164.0,445.5,509.7,0.6132
377,-1,816.7,555.7,228.3,254.6,0.5581
377,-1,99.7,254.9,147.0,212.5,0.1480
377,-1,73.1,200.9,278.2,390.5,0.1159
378,-1,54.3,164.2,445.5,510.0,0.6144
378,-1,815.9,553.9,229.4,256.7,0.5685
378,-1,99.7,254.2,146.8,213.7,0.1359
378,-1,73.4,200.8,274.5,390.3,0.1175
379,-1,54.1,163.8,445.5,511.2,0.6139
379,-1,815.5,552.8,231.0,257.2,0.5818
379,-1,73.8,201.6,274.3,389.0,0.1182
379,-1,99.4,254.2,147.5,214.9,0.1175
380,-1,58.7,114.1,444.5,532.8,0.5397
380,-1,840.8,532.6,212.2,241.5,0.4836
380,-1,0.0,27.5,535.0,738.5,0.1012
381,-1,59.2,114.8,443.7,532.0,0.5405
381,-1,839.5,529.1,214.0,246.5,0.4935
382,-1,59.3,114.3,443.5,533.4,0.5419
382,-1,838.7,525.8,214.5,248.6,0.5106
383,-1,797.8,518.1,256.0,284.8,0.6729
383,-1,63.5,130.8,408.4,521.9,0.5420
384,-1,797.9,518.0,256.4,285.3,0.6775
384,-1,63.3,131.9,408.8,521.7,0.5509
385,-1,797.9,516.8,256.7,287.7,0.6811
385,-1,63.2,131.8,408.4,521.4,0.5471
386,-1,746.1,622.4,249.3,246.5,0.5736
386,-1,65.1,173.2,364.8,531.2,0.4934
387,-1,746.3,620.8,251.6,248.1,0.5690
387,-1,65.7,172.0,364.1,532.6,0.4900
388,-1,747.4,622.4,247.7,246.7,0.5568
388,-1,65.7,171.2,364.4,531.4,0.4924
389,-1,746.2,630.8,255.4,242.5,0.5478
389,-1,68.1,183.3,341.8,519.4,0.4775
390,-1,745.9,630.6,255.9,243.1,0.5330
390,-1,67.3,181.7,341.8,521.3,0.4782
391,-1,745.9,630.6,255.8,242.8,0.5377
391,-1,67.4,183.1,341.7,519.3,0.4755
392,-1,812.1,530.6,239.7,260.2,0.5478
392,-1,68.1,126.3,396.3,522.6,0.5354
393,-1,803.8,519.1,247.8,280.9,0.5418
393,-1,67.9,126.4,396.5,522.5,0.5378
394,-1,803.8,519.9,246.3,280.2,0.5387
394,-1,67.5,125.9,396.6,523.7,0.5374
395,-1,844.7,501.8,228.4,253.3,0.6045
395,-1,61.5,87.1,433.2,544.0,0.5102
395,-1,510.1,66.7,601.6,888.0,0.1555
396,-1,845.1,502.4,228.4,253.2,0.6151
396,-1,61.9,84.7,432.9,547.8,0.5090
396,-1,510.0,66.4,601.6,889.5,0.1536
397,-1,844.5,501.7,228.5,255.7,0.5952
397,-1,61.6,84.0,433.7,547.4,0.5080
397,-1,510.7,66.9,599.2,888.1,0.1573
398,-1,797.7,558.6,249.8,272.0,0.5681
398,-1,70.7,134.1,382.9,521.0,0.5366
399,-1,798.8,558.1,249.8,272.4,0.5686
399,-1,70.8,134.5,382.2,520.6,0.5369
400,-1,797.9,558.2,251.1,273.3,0.5693
400,-1,71.3,134.4,381.9,522.5,0.5362
401,-1,685.2,532.0,376.5,319.4,0.6184
401,-1,46.8,139.9,320.0,540.2,0.5075
401,-1,700.3,575.8,273.1,263.9,0.2301
401,-1,111.4,188.4,229.1,423.0,0.1991
402,-1,685.6,529.4,376.1,324.7,0.6236
402,-1,47.2,139.6,319.5,540.1,0.5040
402,-1,700.2,576.6,275.9,264.4,0.2335
402,-1,111.7,188.8,228.2,422.1,0.1983
403,-1,685.7,531.4,375.7,319.6,0.6049
403,-1,46.2,140.2,320.7,540.3,0.5030
403,-1,111.8,188.6,228.9,422.7,0.1996
403,-1,712.3,576.6,261.6,257.1,0.1480
404,-1,569.4,410.5,383.5,336.6,0.7790
405,-1,570.1,410.2,382.8,336.4,0.7784
406,-1,570.6,410.5,382.1,335.7,0.7813
407,-1,508.1,297.2,376.3,332.5,0.7564
408,-1,507.7,297.1,376.4,332.5,0.7613
409,-1,508.2,297.3,376.2,333.0,0.7575
410,-1,510.8,272.6,383.1,340.9,0.7073
411,-1,510.0,272.6,384.0,341.2,0.7043
412,-1,508.7,272.4,385.2,341.3,0.6988
413,-1,510.0,275.7,395.2,340.3,0.6844
414,-1,508.3,275.7,396.7,340.9,0.6646
415,-1,508.2,275.4,397.0,341.1,0.6639
416,-1,500.1,277.0,381.3,351.6,0.6433
417,-1,500.3,276.7,381.4,352.0,0.6409
418,-1,499.4,276.8,382.0,352.4,0.6353
419,-1,472.8,288.7,391.7,361.7,0.6619
420,-1,473.4,288.8,391.2,361.5,0.6651
421,-1,472.8,288.6,391.6,362.5,0.6677
422,-1,472.1,299.8,401.4,341.2,0.6349
423,-1,472.4,299.9,401.0,341.1,0.6396
424,-1,472.1,300.0,401.4,341.1,0.6388
425,-1,465.7,300.3,407.7,348.4,0.6190
426,-1,466.4,300.3,407.2,348.2,0.6269
427,-1,466.1,300.6,407.9,348.1,0.6202
428,-1,469.9,301.8,391.7,361.1,0.6117
429,-1,469.4,300.8,392.1,362.7,0.5972
430,-1,471.3,299.2,390.2,363.9,0.6043
431,-1,467.1,311.9,396.1,364.2,0.5663
432,-1,467.8,311.8,395.6,363.8,0.5690
433,-1,467.5,312.4,395.7,363.8,0.5702
434,-1,450.5,327.0,439.8,400.8,0.4647
434,-1,638.1,318.4,245.3,366.9,0.2107
434,-1,488.7,379.5,188.9,214.5,0.1626
435,-1,449.9,327.3,440.4,401.7,0.4637
435,-1,639.5,318.4,243.8,366.8,0.2089
435,-1,487.6,377.5,191.7,217.8,0.1742
436,-1,448.5,327.2,442.0,400.7,0.4589
436,-1,483.4,379.2,193.8,225.1,0.2054
436,-1,640.6,318.2,243.0,367.2,0.2031
437,-1,441.9,328.0,473.9,406.9,0.4872
437,-1,491.4,388.0,198.9,221.0,0.1015
438,-1,442.4,327.9,473.7,406.3,0.4859
439,-1,443.1,327.6,473.2,408.7,0.4927
440,-1,435.1,327.7,485.7,411.4,0.4798
440,-1,477.3,368.9,230.7,258.0,0.1184
441,-1,435.0,327.7,486.1,412.6,0.4728
441,-1,476.6,368.1,233.4,258.1,0.1275
442,-1,436.5,328.1,484.5,412.5,0.4761
442,-1,476.4,367.7,234.1,256.7,0.1239
443,-1,428.5,328.7,491.8,415.8,0.4672
443,-1,443.1,336.6,337.9,349.8,0.1524
443,-1,472.2,368.7,222.4,267.2,0.1086
444,-1,428.3,328.8,491.6,414.9,0.4716
444,-1,443.3,337.6,344.1,353.2,0.1629
444,-1,471.9,369.5,222.2,267.3,0.1042
445,-1,432.5,329.3,487.0,412.2,0.4865
446,-1,433.7,331.8,487.1,425.1,0.5125
447,-1,434.1,331.9,486.4,421.8,0.5138
448,-1,433.6,331.7,487.0,421.4,0.5146
449,-1,400.4,349.8,540.7,411.3,0.5607
450,-1,400.8,349.8,539.1,410.1,0.5685
451,-1,401.7,349.8,538.6,409.7,0.5666
452,-1,378.5,357.7,560.9,441.0,0.5319
452,-1,418.7,367.7,360.9,393.0,0.1415
452,-1,474.2,457.8,131.6,150.6,0.1356
453,-1,379.0,358.0,559.7,439.0,0.5372
453,-1,418.9,369.0,360.8,390.3,0.1509
453,-1,474.4,457.9,132.0,151.7,0.1278
454,-1,379.1,358.0,560.0,440.4,0.5382
454,-1,419.2,368.6,361.2,389.4,0.1576
454,-1,474.5,459.6,130.9,149.4,0.1142
455,-1,377.0,361.1,570.1,443.3,0.5525
455,-1,419.6,386.2,357.0,365.2,0.1291
456,-1,378.1,360.7,569.1,444.4,0.5518
456,-1,420.2,384.6,359.5,368.9,0.1312
457,-1,376.7,361.1,570.2,443.2,0.5554
457,-1,419.4,384.7,357.7,368.0,0.1300
458,-1,389.1,357.1,603.4,453.4,0.5110
458,-1,430.4,355.8,354.2,395.1,0.2017
459,-1,390.6,357.1,601.5,454.0,0.5159
459,-1,431.0,355.3,354.6,398.4,0.1965
460,-1,387.0,357.2,605.7,453.5,0.5202
460,-1,429.5,353.4,360.9,401.8,0.1849
461,-1,379.3,356.8,636.3,469.7,0.5180
461,-1,435.7,362.8,352.0,369.1,0.2580
461,-1,454.4,397.0,256.3,298.0,0.1042
462,-1,378.1,356.5,637.8,472.6,0.5052
462,-1,437.1,370.4,340.5,348.6,0.2637
463,-1,380.3,356.8,634.5,468.7,0.5187
463,-1,435.0,362.0,355.5,367.6,0.2697
464,-1,355.2,402.5,665.7,447.8,0.5117
464,-1,424.9,403.6,352.7,352.1,0.2158
465,-1,353.2,402.4,668.5,448.0,0.5121
465,-1,420.8,407.9,343.5,342.8,0.1959
466,-1,354.8,402.4,666.5,447.3,0.5168
466,-1,425.6,405.0,354.2,350.1,0.1996
467,-1,349.2,410.5,671.3,464.1,0.4483
467,-1,399.4,408.9,343.2,378.6,0.2452
467,-1,475.5,523.6,125.0,135.1,0.1220
468,-1,350.8,410.6,669.3,461.5,0.4568
468,-1,399.8,409.2,341.4,380.3,0.2405
468,-1,475.7,523.0,124.9,135.8,0.1092
469,-1,351.9,410.5,666.9,460.6,0.4661
469,-1,399.4,408.9,343.9,380.7,0.2536
469,-1,475.3,524.0,125.3,134.8,0.1022
470,-1,324.4,399.3,704.8,475.2,0.3772
470,-1,390.0,401.4,354.8,386.8,0.1853
470,-1,416.9,429.0,259.0,297.3,0.1271
471,-1,319.6,399.4,709.6,479.7,0.3506
471,-1,389.1,401.3,353.9,373.0,0.1867
471,-1,417.1,428.6,258.2,296.2,0.1399
471,-1,461.9,503.6,137.6,144.4,0.1074
472,-1,317.6,364.8,715.2,514.4,0.3209
472,-1,475.4,498.1,122.7,146.0,0.1463
472,-1,415.2,425.2,256.7,296.2,0.1171
473,-1,319.9,364.6,712.7,514.9,0.3279
473,-1,474.3,498.2,124.2,145.9,0.1321
473,-1,415.0,425.3,255.8,296.4,0.1230
474,-1,317.1,365.2,715.4,514.3,0.3189
474,-1,473.8,497.3,124.1,146.2,0.1407
474,-1,414.8,424.6,256.8,296.0,0.1233
475,-1,317.2,364.8,714.7,514.5,0.3282
475,-1,473.1,496.6,124.9,147.6,0.1378
475,-1,414.9,424.7,257.8,295.7,0.1193
475,-1,555.1,395.5,447.6,467.0,0.1036
476,-1,306.0,402.9,752.0,494.5,0.3184
476,-1,473.2,512.4,129.5,139.6,0.1638
476,-1,415.1,427.4,270.6,314.8,0.1057
477,-1,304.7,403.4,753.8,495.9,0.3164
477,-1,473.3,512.6,129.4,138.9,0.1622
477,-1,414.9,427.7,270.9,315.5,0.1081
478,-1,303.4,402.9,754.8,495.1,0.3173
478,-1,473.1,511.6,129.6,140.3,0.1615
478,-1,414.2,426.6,273.3,318.2,0.1089
479,-1,295.0,411.0,770.2,490.9,0.2779
479,-1,399.6,418.3,337.9,358.7,0.1813
479,-1,454.0,504.5,149.7,176.3,0.1397
480,-1,295.0,410.7,770.2,491.2,0.2871
480,-1,399.9,417.5,338.7,358.4,0.1617
480,-1,454.0,505.2,148.8,176.2,0.1408
481,-1,292.3,410.6,774.6,493.1,0.2657
481,-1,398.7,417.2,338.7,359.1,0.1716
481,-1,453.0,505.1,149.6,176.1,0.1421
482,-1,285.2,409.9,769.8,528.1,0.1809
482,-1,382.9,443.0,271.0,303.5,0.1233
483,-1,285.9,410.2,769.3,528.0,0.1838
483,-1,383.2,444.4,270.2,301.1,0.1370
484,-1,286.6,410.0,769.2,525.9,0.1899
484,-1,383.3,444.9,270.1,301.9,0.1334
485,-1,428.7,521.6,130.9,144.0,0.1931
485,-1,280.6,409.3,771.9,523.6,0.1646
485,-1,358.9,408.5,338.4,353.2,0.1592
486,-1,428.5,523.4,130.4,142.3,0.1952
486,-1,280.6,408.9,773.2,524.4,0.1696
486,-1,359.8,409.0,336.2,351.1,0.1517
487,-1,430.0,524.5,128.6,138.9,0.1982
487,-1,278.7,408.1,775.6,527.3,0.1636
487,-1,348.0,413.5,337.6,349.0,0.1459
488,-1,425.1,537.4,123.4,128.0,0.1843
488,-1,274.3,407.3,790.7,524.7,0.1389
489,-1,424.1,536.6,124.9,128.2,0.1780
489,-1,274.3,407.3,790.7,526.8,0.1409
490,-1,425.4,536.7,123.3,126.3,0.1826
490,-1,272.0,406.7,793.8,531.0,0.1382
491,-1,420.7,533.4,129.4,127.5,0.1874
492,-1,421.2,533.4,128.6,127.2,0.1862
493,-1,422.6,533.2,127.1,125.1,0.2070
494,-1,442.7,526.2,105.6,108.0,0.1977
494,-1,365.1,402.0,351.5,380.3,0.1219
495,-1,442.9,526.1,105.6,110.4,0.1935
495,-1,365.3,402.2,352.2,379.9,0.1069
496,-1,443.1,526.2,105.7,109.9,0.2102
497,-1,433.2,530.4,114.0,100.9,0.1733
498,-1,432.3,530.5,115.4,99.7,0.1785
499,-1,426.5,524.6,125.7,134.1,0.1638
499,-1,440.2,531.8,104.3,91.1,0.1415
500,-1,425.9,546.3,108.2,104.2,0.2654
500,-1,346.7,456.8,275.3,332.4,0.1048
501,-1,426.4,546.6,107.6,103.9,0.2689
501,-1,347.3,458.5,274.3,328.8,0.1021
501,-1,407.6,528.4,139.8,152.6,0.1009
502,-1,426.1,546.7,107.9,103.9,0.2623
502,-1,347.5,458.8,273.9,328.4,0.1014
503,-1,425.1,549.7,112.2,100.5,0.2963
504,-1,424.7,550.3,112.7,99.8,0.2982
504,-1,405.2,529.6,141.3,154.2,0.1003
505,-1,422.3,547.7,111.0,102.3,0.2771
505,-1,405.4,528.1,141.3,156.5,0.1048
506,-1,430.5,517.6,119.2,104.7,0.3256
507,-1,430.4,517.5,119.3,104.6,0.3282
508,-1,430.1,517.6,119.5,104.4,0.3139
509,-1,437.0,501.9,120.5,128.6,0.1892
510,-1,436.7,501.8,120.9,130.5,0.1967
511,-1,436.1,501.1,121.4,130.6,0.1908
512,-1,419.9,513.3,114.1,106.4,0.4087
513,-1,419.7,513.3,114.1,106.4,0.3992
514,-1,419.6,513.1,114.2,107.1,0.3910
515,-1,389.1,497.4,124.8,110.0,0.3302
516,-1,388.8,496.8,125.5,110.5,0.3115
517,-1,389.3,497.5,124.9,110.0,0.3295
518,-1,371.5,429.0,124.9,105.1,0.3112
519,-1,377.5,431.9,116.3,102.5,0.2985
520,-1,369.7,428.5,127.0,105.9,0.2967
521,-1,352.7,363.7,123.2,110.1,0.3658
522,-1,352.6,363.7,122.6,110.3,0.3761
523,-1,352.8,363.8,123.3,110.1,0.3701
524,-1,330.2,329.5,117.2,110.7,0.3074
525,-1,321.0,325.8,129.2,113.8,0.3137
526,-1,320.8,325.8,129.1,114.0,0.3113
527,-1,314.7,320.2,117.1,114.8,0.3946
528,-1,314.7,320.3,116.9,114.8,0.3795
529,-1,314.8,319.7,117.0,115.5,0.3984
530,-1,314.9,334.1,129.1,111.7,0.4402
531,-1,315.7,334.0,127.9,111.9,0.4691
532,-1,315.6,333.9,128.0,112.7,0.4832
533,-1,317.1,350.1,119.1,114.1,0.4398
534,-1,317.3,350.6,118.5,113.7,0.4382
535,-1,317.1,350.2,119.3,114.3,0.4343
536,-1,286.2,358.4,127.2,115.9,0.3348
537,-1,285.7,358.1,127.5,116.6,0.3547
538,-1,285.4,357.6,128.3,117.0,0.3514
539,-1,254.2,356.5,133.9,115.9,0.3355
540,-1,255.2,356.8,132.7,115.5,0.3360
541,-1,254.9,356.5,133.0,116.5,0.3420
542,-1,246.6,349.9,137.4,116.7,0.3693
543,-1,246.2,349.9,138.6,117.0,0.3719
544,-1,246.0,349.6,138.8,117.3,0.3774
545,-1,294.5,354.9,135.0,117.6,0.2699
546,-1,295.2,354.9,134.7,115.9,0.3071
547,-1,294.4,355.0,134.8,116.3,0.2659
548,-1,412.4,384.5,123.1,113.4,0.3626
549,-1,412.1,384.3,123.5,113.3,0.3737
550,-1,412.2,384.0,123.4,113.4,0.3765
551,-1,459.1,412.9,122.0,111.6,0.4136
552,-1,459.7,413.6,121.0,111.2,0.4310
553,-1,459.1,413.0,122.0,111.5,0.4147
554,-1,396.9,429.3,129.3,117.1,0.3377
555,-1,397.2,429.8,129.2,116.0,0.3309
556,-1,397.7,430.2,128.1,115.7,0.3197
557,-1,339.1,427.3,139.2,118.7,0.3993
558,-1,339.7,427.1,138.8,118.8,0.3858
559,-1,339.2,427.2,139.0,118.7,0.3992
560,-1,341.8,402.5,137.0,120.7,0.3175
561,-1,341.6,402.5,136.7,121.0,0.3221
562,-1,341.5,402.4,136.7,121.2,0.3103
563,-1,355.1,387.6,133.8,119.2,0.3388
564,-1,354.8,387.4,133.8,119.2,0.3397
565,-1,354.9,387.7,134.0,119.2,0.3316
566,-1,364.3,401.6,130.6,118.5,0.2830
567,-1,363.9,401.3,131.4,118.3,0.2708
568,-1,365.4,401.8,134.5,117.5,0.2675
569,-1,366.2,410.5,131.4,121.2,0.3850
570,-1,365.9,410.4,132.1,121.5,0.3842
571,-1,364.2,410.5,134.8,121.5,0.3811
572,-1,346.7,408.5,137.6,123.1,0.3508
572,-1,327.6,392.8,171.4,167.6,0.1258
573,-1,346.6,408.6,138.9,123.8,0.3550
573,-1,327.7,392.9,171.8,167.7,0.1209
574,-1,346.4,408.6,139.3,123.8,0.3565
575,-1,346.0,408.7,140.5,124.8,0.3747
576,-1,347.0,408.8,139.4,124.5,0.3860
577,-1,347.3,408.7,138.9,124.8,0.3717
578,-1,382.3,415.7,137.5,122.3,0.3756
579,-1,382.2,416.0,137.6,122.1,0.3745
580,-1,382.1,415.9,137.8,122.4,0.3743
581,-1,411.1,423.9,135.7,124.2,0.3906
582,-1,410.8,423.8,136.2,124.1,0.3935
583,-1,410.8,423.7,136.4,124.8,0.3910
584,-1,406.7,425.4,140.8,126.8,0.3509
585,-1,406.7,425.2,141.0,127.0,0.3337
586,-1,407.0,425.4,140.3,126.9,0.3294
587,-1,414.2,435.4,138.5,127.2,0.4013
588,-1,414.0,435.6,139.1,127.0,0.3997
589,-1,414.4,435.3,138.4,127.2,0.4135
590,-1,443.4,455.3,140.1,125.8,0.4001
591,-1,443.5,455.4,140.0,125.4,0.4039
592,-1,443.6,455.3,140.2,125.5,0.4024
593,-1,459.9,452.7,155.5,155.5,0.3315
594,-1,460.1,452.6,155.2,155.6,0.3253
595,-1,459.9,452.6,155.5,155.4,0.3305
596,-1,473.7,446.5,137.7,130.4,0.2694
597,-1,473.8,446.4,137.0,130.3,0.2646
598,-1,473.7,446.4,137.3,130.4,0.2639
599,-1,500.2,456.2,132.7,126.4,0.3109
600,-1,500.1,455.8,132.3,126.9,0.3181
601,-1,500.2,456.3,132.6,126.2,0.3190
602,-1,542.5,476.6,158.8,159.3,0.4317
603,-1,542.6,476.9,158.5,160.4,0.4245
604,-1,542.9,476.9,158.6,159.4,0.4320
605,-1,588.9,490.6,165.3,160.4,0.4214
606,-1,588.8,490.8,165.5,160.7,0.4138
606,-1,601.8,514.5,127.2,124.2,0.1029
607,-1,588.9,490.6,165.3,160.4,0.4221
608,-1,626.7,456.1,163.6,157.9,0.5263
608,-1,765.7,305.3,101.0,94.6,0.1627
609,-1,626.7,456.1,163.6,157.8,0.5249
609,-1,765.7,305.3,100.9,94.5,0.1604
610,-1,626.7,456.1,163.5,157.1,0.5263
610,-1,765.8,305.6,100.7,94.3,0.1530
611,-1,637.7,447.0,161.9,160.1,0.5225
611,-1,782.1,289.0,100.7,96.7,0.4576
612,-1,637.7,447.2,162.1,160.0,0.5400
612,-1,782.1,288.9,100.3,96.8,0.4564
613,-1,637.7,447.0,161.7,159.9,0.5196
613,-1,782.1,289.0,100.6,96.7,0.4599
614,-1,623.8,488.7,165.6,163.5,0.4731
614,-1,768.9,330.6,105.0,98.3,0.1922
614,-1,633.6,519.2,134.7,117.3,0.1340
615,-1,624.0,488.5,165.1,163.7,0.4746
615,-1,633.5,517.2,135.1,119.4,0.1404
615,-1,769.3,330.7,104.6,98.6,0.1354
616,-1,623.7,488.6,165.5,163.9,0.4779
616,-1,633.5,518.2,135.5,118.4,0.1256
616,-1,769.5,330.9,104.2,98.4,0.1039
617,-1,580.9,507.5,173.2,171.4,0.4060
617,-1,738.5,364.0,92.0,88.0,0.3100
617,-1,594.7,532.4,133.4,127.8,0.1378
618,-1,580.9,507.5,173.2,171.3,0.4040
618,-1,739.1,364.8,91.4,87.1,0.3269
618,-1,594.8,532.9,133.2,127.2,0.1376
619,-1,581.0,507.6,173.1,171.6,0.4056
619,-1,738.6,363.8,91.9,88.1,0.3173
619,-1,594.7,532.2,133.4,128.0,0.1389
620,-1,524.0,483.8,173.1,170.5,0.4574
620,-1,677.8,332.2,99.7,100.5,0.1041
621,-1,524.1,484.0,173.0,169.9,0.4682
621,-1,677.4,331.8,100.2,101.0,0.1065
622,-1,524.1,484.1,173.1,169.9,0.4737
622,-1,677.6,332.1,99.9,100.6,0.1013
623,-1,536.9,472.7,149.2,148.5,0.4060
623,-1,683.5,315.4,106.2,95.7,0.1169
624,-1,535.4,467.8,164.0,169.6,0.4056
624,-1,540.6,499.4,127.3,123.7,0.1306
624,-1,683.2,315.3,106.5,95.8,0.1168
625,-1,536.8,472.7,149.0,148.5,0.4034
625,-1,683.4,315.5,106.4,95.8,0.1117
626,-1,608.3,483.4,179.8,178.1,0.4997
626,-1,779.4,321.7,101.8,101.3,0.1627
626,-1,625.3,540.0,126.8,100.7,0.1043
627,-1,607.9,483.4,180.0,178.7,0.4956
627,-1,779.2,321.9,102.0,101.6,0.1661
627,-1,625.3,540.0,126.7,100.9,0.1040
628,-1,608.5,483.1,179.6,179.0,0.5051
628,-1,779.5,322.9,101.8,100.8,0.1714
629,-1,630.7,494.3,175.9,178.1,0.5761
629,-1,641.6,545.7,127.0,105.9,0.3004
629,-1,789.1,321.9,120.6,109.3,0.2263
630,-1,630.9,495.4,175.1,176.6,0.5644
630,-1,641.8,547.0,126.7,104.7,0.2945
630,-1,798.1,322.7,108.4,105.3,0.2546
631,-1,630.8,494.5,175.7,177.8,0.5678
631,-1,640.6,522.7,141.0,131.7,0.3959
631,-1,789.9,322.6,119.6,108.3,0.2353
632,-1,520.5,477.6,179.7,182.1,0.5198
632,-1,530.7,517.0,148.3,121.3,0.3378
632,-1,686.4,308.9,108.7,110.8,0.2771
633,-1,520.9,477.6,179.4,182.3,0.5183
633,-1,687.3,309.8,107.7,109.9,0.2869
633,-1,535.7,519.1,135.4,122.9,0.1831
634,-1,520.9,477.7,179.4,182.4,0.5186
634,-1,686.9,309.8,108.1,110.0,0.2728
634,-1,535.8,521.3,135.5,120.5,0.1906
635,-1,498.0,467.6,179.4,188.8,0.5231
635,-1,509.9,522.3,138.5,107.1,0.2381
635,-1,658.7,294.6,113.9,112.1,0.1242
636,-1,497.6,467.6,179.7,189.1,0.5111
636,-1,507.3,500.4,151.0,130.8,0.4298
636,-1,660.1,295.4,112.5,111.3,0.1363
637,-1,498.0,467.5,179.4,188.6,0.5236
637,-1,509.7,521.5,138.2,107.9,0.1848
637,-1,659.7,295.1,112.8,111.6,0.1306
638,-1,632.4,478.1,190.7,191.3,0.5113
638,-1,818.3,283.8,122.6,122.4,0.3602
638,-1,650.5,529.0,133.8,118.0,0.2175
639,-1,633.0,478.2,190.3,191.3,0.5231
639,-1,818.5,283.2,122.4,123.2,0.3132
639,-1,650.6,528.9,134.0,118.3,0.2455
640,-1,632.9,478.7,190.4,191.3,0.5282
640,-1,644.6,508.2,154.9,139.6,0.3020
640,-1,818.3,282.9,122.6,123.6,0.2890
641,-1,714.7,494.6,198.3,197.9,0.5862
641,-1,910.6,290.1,128.1,122.3,0.3922
641,-1,725.4,556.6,156.9,112.9,0.3495
642,-1,715.0,494.1,198.6,197.0,0.5941
642,-1,912.2,289.2,125.9,122.0,0.4426
642,-1,725.5,559.2,158.2,110.1,0.3750
643,-1,715.0,494.1,198.6,197.0,0.5953
643,-1,912.4,289.2,125.3,121.6,0.4548
643,-1,725.7,559.3,158.1,110.0,0.3732
644,-1,613.7,509.7,193.6,199.2,0.5700
644,-1,619.7,559.8,166.3,124.5,0.3152
644,-1,808.5,308.8,118.3,125.0,0.1652
644,-1,775.1,295.4,174.4,161.9,0.1246
645,-1,614.0,509.6,193.4,199.6,0.5745
645,-1,620.1,560.2,165.6,123.8,0.3235
645,-1,809.0,308.9,118.1,124.6,0.1746
645,-1,775.0,295.6,173.8,160.9,0.1256
646,-1,613.7,509.6,193.3,199.1,0.5630
646,-1,620.4,561.9,164.1,121.7,0.3586
646,-1,801.6,309.4,124.6,127.1,0.1712
646,-1,774.8,295.5,172.3,159.4,0.1118
647,-1,567.3,521.5,192.1,200.4,0.5314
647,-1,756.7,324.9,114.2,122.6,0.3956
647,-1,576.7,566.5,154.9,131.8,0.3352
647,-1,723.7,307.9,163.3,158.1,0.1083
648,-1,567.4,521.5,191.7,200.3,0.5315
648,-1,757.0,326.3,113.5,121.1,0.4131
648,-1,577.0,567.6,154.6,130.8,0.3355
648,-1,723.5,308.1,164.0,158.3,0.1017
649,-1,567.3,521.5,192.1,200.4,0.5312
649,-1,756.8,326.0,113.8,121.5,0.4176
649,-1,576.7,566.6,154.9,131.7,0.3357
649,-1,723.2,308.0,164.0,158.1,0.1027
650,-1,859.3,305.2,124.4,140.6,0.5588
650,-1,656.8,530.2,200.8,206.2,0.4837
650,-1,669.0,591.0,154.2,117.2,0.3222
651,-1,859.3,305.5,124.5,140.2,0.5599
651,-1,656.8,530.3,200.5,206.4,0.4842
651,-1,669.4,591.0,153.4,117.3,0.3173
652,-1,859.2,306.5,124.5,139.4,0.5568
652,-1,656.8,530.0,200.9,206.6,0.4889
652,-1,669.1,591.0,154.1,117.6,0.3127
653,-1,716.1,508.5,215.8,207.0,0.5722
653,-1,726.5,568.4,171.7,126.6,0.3000
654,-1,716.3,508.1,216.1,207.6,0.5637
654,-1,726.8,568.2,171.5,126.5,0.3062
655,-1,716.1,508.4,215.9,207.1,0.5720
655,-1,726.6,568.4,171.6,126.5,0.2998
656,-1,665.1,451.4,204.2,209.8,0.5197
656,-1,886.0,205.9,138.9,157.8,0.4135
656,-1,674.6,501.8,165.7,137.9,0.2456
656,-1,837.9,182.6,203.3,204.5,0.1256
657,-1,664.7,451.5,204.3,210.1,0.5112
657,-1,886.2,205.6,138.8,158.2,0.4059
657,-1,674.7,503.1,164.8,136.7,0.2455
657,-1,838.4,182.2,203.2,204.2,0.1421
658,-1,664.5,451.5,204.5,210.7,0.5062
658,-1,886.9,205.8,138.2,157.9,0.4282
658,-1,674.7,502.8,165.1,136.9,0.2369
658,-1,838.4,182.2,203.7,205.1,0.1377
659,-1,626.1,423.8,205.5,211.0,0.4956
659,-1,848.1,176.9,134.6,156.0,0.4148
659,-1,632.4,485.8,164.0,122.2,0.1711
659,-1,813.0,155.6,180.7,194.4,0.1014
660,-1,626.3,423.7,206.1,211.7,0.4927
660,-1,848.0,176.2,134.8,156.4,0.4188
660,-1,632.3,485.3,164.1,122.5,0.1621
661,-1,626.3,424.0,205.5,210.8,0.4867
661,-1,848.2,177.3,134.4,155.4,0.4360
661,-1,632.2,485.4,164.3,122.6,0.1779
662,-1,648.1,445.2,205.7,212.6,0.2817
662,-1,652.0,506.0,166.0,122.1,0.2584
662,-1,821.6,152.0,243.6,240.6,0.1481
662,-1,876.8,187.5,146.8,161.5,0.1457
663,-1,648.0,444.6,206.3,213.3,0.2861
663,-1,652.0,506.1,166.0,122.0,0.2518
663,-1,819.6,152.2,245.9,239.9,0.1471
663,-1,875.8,191.1,138.6,158.2,0.1370
664,-1,648.0,444.1,206.7,214.3,0.2915
664,-1,652.0,505.8,166.3,122.3,0.2517
664,-1,875.8,190.5,138.1,158.8,0.1666
664,-1,819.2,151.6,246.1,238.8,0.1479
665,-1,640.8,454.3,216.2,228.0,0.3488
665,-1,873.1,176.4,150.4,185.4,0.2392
665,-1,654.6,514.9,166.2,126.8,0.1471
665,-1,826.3,158.8,217.4,225.1,0.1008
666,-1,640.9,454.6,215.8,227.6,0.3301
666,-1,873.9,175.6,150.1,186.2,0.2882
666,-1,649.4,518.5,168.2,126.2,0.1924
666,-1,824.6,158.6,218.9,224.4,0.1082
667,-1,640.9,453.6,217.2,228.7,0.3643
667,-1,873.2,177.3,150.3,184.2,0.2938
667,-1,654.7,515.1,166.5,126.6,0.1600
667,-1,828.2,159.2,214.5,227.7,0.1065
668,-1,808.1,168.6,130.9,175.2,0.6691
668,-1,577.9,498.2,163.6,126.4,0.3464
668,-1,570.9,435.2,208.7,226.8,0.3136
669,-1,807.6,168.3,131.9,175.8,0.6616
669,-1,577.8,498.5,164.0,126.2,0.3489
669,-1,571.0,436.6,208.1,225.3,0.2872
670,-1,807.4,167.5,132.3,176.9,0.6537
670,-1,578.1,498.4,163.9,126.4,0.3418
670,-1,571.1,435.8,208.6,226.4,0.2917
671,-1,683.5,175.8,124.7,170.2,0.5810
671,-1,462.5,505.0,157.3,119.7,0.3183
671,-1,450.3,451.4,208.5,205.7,0.2537
672,-1,683.7,176.8,124.7,169.2,0.5801
672,-1,462.8,504.9,157.1,119.9,0.3367
672,-1,450.4,451.9,208.4,205.3,0.2475
673,-1,683.5,175.8,124.7,170.2,0.5810
673,-1,462.6,505.0,157.2,119.6,0.3164
673,-1,450.3,451.4,208.5,205.7,0.2535
674,-1,499.1,232.4,120.5,168.3,0.5974
674,-1,245.5,472.9,236.0,243.1,0.3929
675,-1,498.9,232.4,120.7,168.3,0.5900
675,-1,245.6,472.5,236.1,243.6,0.3986
676,-1,424.2,255.7,122.7,173.9,0.6104
676,-1,152.1,579.3,159.8,141.0,0.4590
676,-1,145.0,547.2,246.4,211.6,0.1394
676,-1,89.7,478.2,357.9,313.5,0.1143
677,-1,424.4,256.6,122.4,173.0,0.6150
677,-1,152.2,579.2,159.5,141.2,0.4511
677,-1,144.2,551.4,231.2,202.7,0.1378
677,-1,89.5,478.4,357.8,312.1,0.1204
678,-1,424.3,256.1,122.7,174.0,0.6119
678,-1,152.6,579.6,158.2,140.4,0.4713
678,-1,144.4,551.4,230.8,203.7,0.1407
678,-1,89.2,478.8,357.6,312.4,0.1284
679,-1,506.0,239.9,125.7,177.1,0.6079
679,-1,240.5,528.0,229.9,220.5,0.2871
679,-1,245.8,575.2,151.7,130.2,0.1449
680,-1,505.8,239.5,126.1,177.7,0.6068
680,-1,240.5,528.4,229.8,219.9,0.2855
680,-1,245.6,575.7,152.1,130.0,0.1475
680,-1,474.8,224.7,175.8,222.5,0.1043
681,-1,506.0,239.8,125.9,177.2,0.6075
681,-1,240.4,526.7,230.1,221.7,0.2912
681,-1,245.8,575.0,152.1,130.6,0.1462
682,-1,566.7,240.1,125.0,175.6,0.6198
682,-1,303.9,541.6,222.7,214.9,0.2597
682,-1,315.3,571.8,166.6,138.7,0.1342
683,-1,566.5,239.8,125.3,176.0,0.6194
683,-1,303.8,541.8,222.7,214.7,0.2559
683,-1,315.2,571.5,166.9,138.9,0.1446
684,-1,566.7,239.9,125.0,175.8,0.6197
684,-1,303.7,542.0,222.7,214.4,0.2505
684,-1,315.0,571.6,167.9,138.8,0.1475
685,-1,579.6,253.0,129.3,180.3,0.5867
685,-1,313.8,583.7,223.2,204.4,0.3029
685,-1,323.6,591.4,170.2,144.0,0.2672
686,-1,579.4,253.0,129.2,180.4,0.5858
686,-1,313.7,583.7,223.3,204.4,0.2988
686,-1,323.4,591.9,170.0,143.6,0.2669
687,-1,579.5,252.8,129.4,180.5,0.5865
687,-1,313.7,583.7,223.2,204.4,0.3023
687,-1,323.6,591.4,170.2,144.0,0.2677
688,-1,617.7,233.0,135.0,191.7,0.6284
688,-1,357.0,583.8,162.1,144.8,0.4169
688,-1,350.1,578.8,222.4,208.7,0.2204
688,-1,318.4,505.7,280.8,320.1,0.1047
689,-1,617.1,235.7,131.6,186.2,0.6309
689,-1,358.0,584.6,160.4,143.8,0.4275
689,-1,350.7,579.9,222.0,207.6,0.2207
690,-1,617.2,235.7,131.4,185.9,0.6291
690,-1,358.0,583.9,160.9,144.6,0.4139
690,-1,350.6,581.0,221.5,206.1,0.2289
691,-1,685.0,180.3,142.9,204.4,0.5692
691,-1,413.4,557.6,158.2,139.9,0.3819
691,-1,404.9,532.8,232.1,220.2,0.1405
692,-1,685.1,180.5,142.9,204.3,0.5712
692,-1,413.3,557.7,158.3,139.8,0.3816
692,-1,404.8,531.7,232.1,221.4,0.1407
693,-1,685.0,180.4,142.9,204.3,0.5702
693,-1,413.4,557.5,158.2,140.0,0.3814
693,-1,404.9,532.8,232.1,220.2,0.1400
694,-1,707.1,160.8,149.3,211.2,0.5151
694,-1,439.1,555.9,158.4,138.2,0.4039
694,-1,424.6,520.8,233.6,233.8,0.1889
695,-1,707.1,160.9,149.0,211.1,0.5133
695,-1,439.1,556.0,158.5,138.2,0.4091
695,-1,424.7,520.6,233.8,233.9,0.1935
696,-1,707.3,161.1,148.8,210.8,0.5116
696,-1,438.8,556.0,158.8,138.3,0.4073
696,-1,424.7,520.9,233.2,233.5,0.1939
697,-1,694.6,187.9,142.2,203.9,0.5178
697,-1,404.6,577.3,166.6,148.1,0.5040
697,-1,384.0,515.7,260.0,278.4,0.2651
698,-1,694.7,188.2,141.9,203.5,0.5295
698,-1,405.0,577.7,166.0,147.5,0.5042
698,-1,384.2,516.0,260.1,277.9,0.2720
699,-1,695.5,188.4,141.2,203.0,0.5296
699,-1,404.4,577.1,166.8,148.2,0.5038
699,-1,384.0,516.3,259.9,277.8,0.2650
700,-1,383.1,595.6,172.1,149.6,0.5009
700,-1,681.3,192.5,151.0,213.0,0.4555
700,-1,359.4,566.1,277.2,256.9,0.3113
700,-1,395.7,664.3,81.3,74.5,0.1131
700,-1,322.5,490.5,367.5,348.7,0.1126
701,-1,382.7,595.8,172.6,149.5,0.4996
701,-1,681.0,192.7,150.7,212.9,0.4557
701,-1,359.3,566.3,277.5,256.7,0.3100
701,-1,395.5,664.3,81.6,74.4,0.1169
701,-1,322.4,490.9,367.5,348.6,0.1116
702,-1,382.4,595.7,172.6,149.6,0.4990
702,-1,681.1,192.6,150.4,213.2,0.4501
702,-1,359.0,565.4,277.9,257.6,0.3177
702,-1,395.2,664.6,82.0,74.0,0.1210
702,-1,322.7,490.7,366.9,348.0,0.1186
703,-1,384.0,594.4,170.7,150.6,0.4928
703,-1,689.8,194.2,156.4,200.7,0.4365
703,-1,354.7,559.0,286.0,271.6,0.4224
703,-1,327.6,486.6,363.9,362.4,0.1245
703,-1,396.3,664.5,83.9,73.9,0.1237
704,-1,384.0,594.5,170.7,150.5,0.4942
704,-1,689.8,194.3,156.2,200.5,0.4365
704,-1,354.7,558.7,285.6,271.8,0.4263
704,-1,327.5,486.6,364.0,362.0,0.1272
704,-1,396.3,664.5,83.9,73.9,0.1235
705,-1,384.2,594.3,170.6,150.6,0.4920
705,-1,689.8,194.2,156.2,200.6,0.4406
705,-1,354.5,557.9,286.1,272.8,0.4297
705,-1,328.6,486.8,362.8,361.8,0.1261
705,-1,396.3,664.0,83.9,74.1,0.1129
706,-1,385.1,594.2,169.6,150.8,0.4949
706,-1,689.7,194.0,156.4,201.0,0.4418
706,-1,354.4,557.5,286.2,273.8,0.4266
706,-1,329.0,487.0,362.6,362.7,0.1264
706,-1,396.2,663.7,84.1,74.5,0.1023
707,-1,403.3,590.1,164.7,154.5,0.5466
707,-1,364.3,545.3,290.0,291.6,0.4462
707,-1,706.5,172.3,166.8,214.5,0.3951
707,-1,737.7,177.6,116.6,170.4,0.1786
708,-1,403.4,590.1,164.6,154.6,0.5461
708,-1,364.3,543.7,289.8,293.2,0.4395
708,-1,706.8,172.5,166.5,214.4,0.3909
708,-1,738.1,177.6,116.3,170.3,0.1822
709,-1,403.3,590.1,164.7,154.7,0.5455
709,-1,364.4,544.1,290.0,292.8,0.4417
709,-1,706.5,172.2,166.8,214.6,0.3958
709,-1,737.8,177.6,116.4,170.4,0.1820
710,-1,406.4,591.2,175.8,160.2,0.5014
710,-1,374.8,565.2,290.2,279.9,0.4705
710,-1,728.3,166.1,168.1,211.7,0.3420
710,-1,771.7,174.7,107.7,144.4,0.2638
711,-1,406.3,591.1,175.9,160.3,0.5014
711,-1,366.4,558.7,301.4,291.2,0.4697
711,-1,728.5,166.1,168.0,211.7,0.3464
711,-1,771.6,174.9,107.7,144.4,0.2643
712,-1,406.3,591.1,175.9,160.5,0.5014
712,-1,374.7,563.9,290.5,281.0,0.4685
712,-1,728.4,165.8,167.9,212.0,0.3440
712,-1,772.3,174.7,107.0,145.1,0.2685
712,-1,418.5,660.6,89.9,80.1,0.1000
713,-1,407.2,596.4,182.9,161.6,0.5704
713,-1,357.6,528.5,309.5,337.4,0.5198
713,-1,773.0,167.1,106.7,147.4,0.3027
713,-1,726.6,160.4,170.6,211.1,0.2579
714,-1,407.2,596.5,182.6,161.7,0.5650
714,-1,357.5,528.2,309.6,337.7,0.5282
714,-1,772.6,167.7,107.5,147.0,0.2995
714,-1,727.2,161.1,170.7,210.6,0.2586
715,-1,407.2,596.4,182.5,161.8,0.5644
715,-1,357.6,528.4,309.3,337.5,0.5401
715,-1,772.2,167.6,107.8,147.3,0.2938
715,-1,727.0,160.8,170.5,210.7,0.2588
716,-1,315.5,526.1,317.8,356.7,0.5535
716,-1,371.8,596.4,186.9,168.8,0.5016
716,-1,701.2,155.6,173.6,215.3,0.3564
716,-1,745.8,159.5,110.8,153.5,0.2874
717,-1,315.3,525.8,317.3,357.0,0.5568
717,-1,371.7,596.3,187.2,168.9,0.5011
717,-1,701.5,156.0,173.3,214.7,0.3396
717,-1,746.4,160.0,110.2,152.7,0.3028
718,-1,315.4,525.8,317.0,357.0,0.5579
718,-1,371.6,596.2,187.4,168.9,0.5021
718,-1,701.8,155.9,173.2,214.8,0.3325
718,-1,747.0,160.3,109.8,152.2,0.3097
718,-1,370.5,663.4,99.4,78.4,0.1008
719,-1,272.9,527.1,328.2,380.1,0.4809
719,-1,337.4,598.5,198.0,169.5,0.4692
719,-1,691.3,157.7,161.0,209.1,0.3666
719,-1,734.8,163.0,109.1,139.4,0.2247
719,-1,613.6,50.8,324.9,389.5,0.1185
720,-1,273.1,527.0,327.6,380.1,0.4768
720,-1,337.8,598.7,197.4,169.4,0.4720
720,-1,691.8,157.8,160.5,209.0,0.3533
720,-1,737.3,163.1,106.4,139.2,0.2398
720,-1,613.7,51.5,325.0,389.0,0.1122
721,-1,273.0,526.9,328.3,380.2,0.4797
721,-1,337.6,598.6,197.4,169.5,0.4637
721,-1,691.7,157.9,161.0,208.9,0.3588
721,-1,736.7,163.4,107.3,139.0,0.2244
721,-1,613.8,52.0,324.9,388.1,0.1206
722,-1,254.2,550.1,338.8,367.8,0.5715
722,-1,322.7,602.6,197.1,165.0,0.5323
722,-1,685.9,146.7,164.7,211.8,0.4404
722,-1,606.1,47.8,331.0,391.7,0.1941
722,-1,328.8,665.2,103.9,79.7,0.1740
722,-1,325.2,652.4,143.4,99.4,0.1501
722,-1,735.0,156.1,105.8,140.8,0.1420
723,-1,254.5,550.2,338.5,367.7,0.5758
723,-1,322.2,602.4,197.8,165.7,0.5327
723,-1,685.8,146.7,164.9,211.9,0.4463
723,-1,606.0,47.8,331.4,392.0,0.1878
723,-1,328.3,665.4,104.3,79.6,0.1776
723,-1,324.7,653.2,143.3,98.6,0.1523
723,-1,736.0,156.1,104.9,140.5,0.1418
724,-1,254.7,550.4,338.2,367.5,0.5766
724,-1,322.3,602.5,197.9,165.5,0.5279
724,-1,686.2,146.7,164.5,211.8,0.4464
724,-1,605.7,47.5,331.7,392.4,0.1853
724,-1,328.3,664.7,104.7,80.4,0.1728
724,-1,736.2,156.1,104.7,140.4,0.1398
725,-1,322.0,616.9,197.8,175.6,0.4516
725,-1,697.6,142.3,172.5,217.7,0.3556
725,-1,745.4,150.3,111.9,148.9,0.3414
725,-1,330.6,677.8,103.1,83.0,0.2775
725,-1,608.8,50.6,342.2,395.0,0.1695
726,-1,322.3,616.9,197.4,175.1,0.4538
726,-1,697.8,142.8,172.5,217.0,0.3536
726,-1,745.7,150.7,111.9,148.4,0.3531
726,-1,330.7,677.7,102.8,83.0,0.2737
726,-1,617.5,50.4,324.7,382.3,0.1644
727,-1,322.1,616.9,197.7,175.7,0.4483
727,-1,697.8,142.2,172.6,217.7,0.3547
727,-1,745.7,150.5,111.9,148.6,0.3498
727,-1,330.7,677.8,103.1,83.0,0.2753
727,-1,617.5,50.4,324.2,382.4,0.1682
728,-1,335.9,624.4,212.5,195.6,0.4022
728,-1,776.7,152.1,117.2,151.2,0.3728
728,-1,725.6,137.8,174.7,226.4,0.2345
728,-1,606.9,51.2,391.2,415.1,0.1802
728,-1,338.9,663.9,166.0,132.0,0.1439
728,-1,656.9,65.1,284.7,310.7,0.1010
729,-1,336.0,624.3,212.7,195.9,0.4029
729,-1,776.7,152.3,117.0,150.9,0.3805
729,-1,725.4,137.6,174.7,226.5,0.2369
729,-1,606.7,51.5,391.9,413.6,0.1714
729,-1,338.5,663.0,167.3,133.4,0.1431
730,-1,336.0,624.3,213.1,196.2,0.3965
730,-1,776.7,152.2,116.9,150.8,0.3884
730,-1,725.0,136.4,175.4,227.6,0.2375
730,-1,606.9,51.3,392.2,414.2,0.1690
730,-1,338.3,662.7,167.0,133.7,0.1389
731,-1,750.0,123.2,184.0,217.5,0.3075
731,-1,625.5,41.4,429.9,401.2,0.3025
731,-1,361.9,614.5,195.5,188.6,0.2960
731,-1,806.3,139.1,126.5,131.2,0.2362
731,-1,363.9,661.1,136.9,108.0,0.1257
732,-1,742.7,119.1,198.1,217.7,0.3127
732,-1,361.6,614.5,196.4,188.6,0.3002
732,-1,625.6,40.9,430.1,401.8,0.2922
732,-1,806.1,138.6,126.7,131.6,0.2337
732,-1,364.3,662.1,134.5,106.6,0.1298
733,-1,749.7,122.7,184.4,218.1,0.3052
733,-1,625.9,40.9,429.7,402.0,0.2941
733,-1,361.9,614.5,196.2,188.6,0.2927
733,-1,806.6,138.9,126.1,131.3,0.2390
733,-1,364.1,660.9,135.6,108.3,0.1180
734,-1,368.9,567.0,214.3,198.9,0.3882
734,-1,653.6,47.0,395.7,341.3,0.3001
734,-1,764.6,110.5,187.4,165.5,0.1026
735,-1,368.8,566.9,214.6,198.9,0.3888
735,-1,653.3,46.3,395.8,342.1,0.2974
735,-1,764.7,110.1,187.4,165.9,0.1015
736,-1,368.8,566.9,214.5,198.9,0.3855
736,-1,653.0,45.8,395.6,342.6,0.3012
737,-1,338.0,534.2,248.7,216.7,0.4247
737,-1,657.9,36.2,382.1,324.1,0.4150
737,-1,366.5,606.3,105.3,93.6,0.1386
738,-1,337.8,534.2,248.8,217.0,0.4211
738,-1,660.7,36.3,379.3,325.1,0.3977
738,-1,366.5,606.5,105.0,93.1,0.1359
739,-1,338.0,534.2,248.7,216.9,0.4245
739,-1,659.5,35.3,379.7,325.3,0.4155
739,-1,366.5,606.3,105.3,93.6,0.1385
740,-1,622.2,33.5,408.5,322.5,0.4973
740,-1,288.3,515.7,273.5,268.0,0.3667
740,-1,325.8,617.2,103.3,81.9,0.2659
740,-1,311.7,556.4,204.5,196.3,0.1485
740,-1,793.0,92.2,115.5,78.6,0.1209
740,-1,317.3,599.9,121.8,125.5,0.1154
741,-1,621.7,33.3,409.3,322.8,0.4994
741,-1,288.2,514.9,273.5,266.4,0.3589
741,-1,325.7,617.2,103.6,81.8,0.2690
741,-1,311.8,556.5,204.4,196.0,0.1526
741,-1,794.3,92.7,114.2,77.7,0.1194
741,-1,317.6,599.8,121.7,125.3,0.1153
742,-1,622.0,33.3,409.2,323.1,0.4965
742,-1,287.8,512.4,274.6,270.0,0.3761
742,-1,325.8,617.3,103.3,81.6,0.2699
742,-1,308.0,554.5,220.4,200.1,0.1999
742,-1,795.1,92.7,113.4,77.8,0.1230
742,-1,317.5,599.7,121.8,125.2,0.1141
743,-1,643.7,9.8,444.6,313.3,0.4460
743,-1,303.5,523.5,269.5,229.4,0.4459
743,-1,338.8,593.4,111.1,107.1,0.1424
743,-1,743.3,66.3,184.2,135.1,0.1033
744,-1,643.8,9.5,445.8,313.5,0.4493
744,-1,303.2,523.5,269.9,229.6,0.4456
744,-1,338.9,593.2,111.2,107.8,0.1446
745,-1,644.0,9.8,443.7,313.1,0.4495
745,-1,303.4,523.6,269.9,229.3,0.4456
745,-1,339.3,593.5,110.6,106.8,0.1444
745,-1,742.8,66.0,184.7,135.3,0.1011
746,-1,364.1,431.9,288.4,301.7,0.3343
746,-1,409.1,552.7,105.7,85.5,0.2752
746,-1,389.5,490.4,230.0,206.8,0.1188
747,-1,364.1,431.7,288.4,301.7,0.3345
747,-1,409.3,552.6,105.5,85.6,0.2770
747,-1,389.6,490.4,229.9,206.8,0.1201
748,-1,364.4,432.2,288.0,301.4,0.3365
748,-1,409.2,552.6,105.6,85.4,0.2732
748,-1,389.5,490.5,229.9,206.7,0.1206
749,-1,416.1,381.9,293.4,288.2,0.3055
749,-1,463.3,496.7,99.1,80.5,0.2923
749,-1,440.0,433.0,208.1,206.6,0.1658
749,-1,457.5,480.5,115.4,133.6,0.1169
749,-1,459.7,812.6,197.5,82.9,0.1026
750,-1,416.1,381.9,293.2,286.6,0.2928
750,-1,463.3,496.3,98.8,81.0,0.2810
750,-1,440.0,433.0,208.1,206.4,0.1680
750,-1,457.1,478.4,116.4,136.1,0.1063
751,-1,416.3,382.3,293.1,287.6,0.3070
751,-1,463.2,496.4,99.3,80.9,0.2819
751,-1,440.1,433.1,208.1,206.7,0.1685
751,-1,457.4,478.8,115.9,135.6,0.1122
751,-1,459.7,812.4,197.4,83.1,0.1005
752,-1,444.0,355.2,281.8,244.9,0.3602
753,-1,443.8,354.8,282.4,245.9,0.3637
753,-1,483.3,441.5,100.0,80.7,0.1026
754,-1,443.6,354.6,282.7,246.2,0.3603
754,-1,483.3,441.6,100.0,80.7,0.1075
755,-1,423.2,304.2,313.5,300.4,0.3267
755,-1,475.7,423.2,103.5,91.4,0.1890
755,-1,446.1,351.4,235.1,229.3,0.1483
756,-1,422.6,304.0,314.1,300.9,0.3223
756,-1,475.7,423.3,103.7,91.7,0.1926
756,-1,446.0,351.4,234.8,229.4,0.1473
757,-1,422.7,304.1,314.1,300.6,0.3224
757,-1,475.6,423.2,103.6,91.9,0.1891
757,-1,446.1,351.4,234.8,229.1,0.1493
758,-1,399.3,327.1,332.8,312.5,0.3770
758,-1,437.7,427.7,134.6,149.9,0.1545
758,-1,437.0,827.6,227.3,81.2,0.1389
759,-1,399.3,326.9,332.9,313.4,0.3833
759,-1,437.6,427.5,134.6,150.1,0.1532
759,-1,436.9,827.8,227.3,80.9,0.1356
760,-1,399.3,326.9,332.8,313.6,0.3816
760,-1,437.7,427.3,134.6,150.4,0.1528
760,-1,436.9,827.8,227.2,80.9,0.1348
761,-1,389.2,326.8,325.8,319.1,0.3712
761,-1,447.1,449.1,102.5,85.9,0.2094
761,-1,441.0,433.6,118.4,133.8,0.1475
761,-1,411.8,371.2,245.5,241.6,0.1337
762,-1,389.2,327.3,325.4,315.3,0.3442
762,-1,443.7,444.4,108.1,103.2,0.1963
762,-1,411.8,371.1,245.3,242.5,0.1376
763,-1,389.2,327.0,326.0,318.7,0.3648
763,-1,444.0,444.8,107.7,101.6,0.2146
763,-1,411.8,371.1,245.2,242.3,0.1306
764,-1,444.5,428.7,107.1,93.9,0.4713
764,-1,391.2,302.3,322.8,317.2,0.1260
764,-1,428.7,877.7,210.9,81.1,0.1005
765,-1,444.5,428.9,107.3,93.7,0.4830
765,-1,391.1,302.3,322.5,315.9,0.1234
765,-1,428.8,877.9,210.2,81.0,0.1007
766,-1,444.5,428.6,107.1,94.2,0.5000
766,-1,390.9,302.4,322.5,314.5,0.1177
766,-1,429.0,878.1,209.3,80.8,0.1035
767,-1,425.7,453.5,117.9,87.8,0.2855
767,-1,372.7,326.1,328.1,322.1,0.1616
768,-1,425.8,453.4,117.9,87.2,0.2633
768,-1,372.6,326.0,327.9,322.3,0.1632
769,-1,425.7,453.3,118.0,87.1,0.2765
769,-1,372.8,326.2,327.9,321.7,0.1615
770,-1,350.9,382.6,341.6,317.1,0.1549
770,-1,398.8,508.6,119.3,92.0,0.1258
770,-1,390.9,495.5,135.5,140.9,0.1227
771,-1,350.8,382.5,341.7,318.3,0.1595
771,-1,398.6,508.9,119.5,91.4,0.1294
771,-1,390.7,495.5,135.9,140.8,0.1224
772,-1,350.8,382.4,342.0,319.7,0.1628
772,-1,398.9,509.1,119.2,90.3,0.1551
772,-1,392.0,496.0,134.1,134.3,0.1268
773,-1,402.3,523.8,115.7,97.1,0.2690
773,-1,323.1,416.3,378.1,318.6,0.1288
774,-1,402.3,524.3,115.8,96.5,0.2789
774,-1,323.7,416.2,377.7,318.6,0.1393
775,-1,348.5,386.7,404.7,337.6,0.1807
775,-1,414.5,497.2,124.6,95.9,0.1534
776,-1,348.3,386.8,404.6,337.5,0.1759
776,-1,414.4,496.9,125.2,96.3,0.1556
777,-1,348.3,386.7,404.8,337.6,0.1806
777,-1,417.1,500.3,122.2,91.3,0.1555
778,-1,375.1,381.3,396.8,333.9,0.3418
778,-1,443.0,489.2,127.5,95.6,0.3312
778,-1,411.6,398.8,298.7,265.0,0.1015
779,-1,375.2,381.5,396.6,333.4,0.3432
779,-1,443.0,489.3,127.5,95.6,0.3313
779,-1,411.7,398.8,298.8,265.2,0.1026
780,-1,375.3,381.6,396.2,333.3,0.3397
780,-1,443.3,489.2,127.1,95.6,0.3378
781,-1,375.2,381.4,396.2,333.5,0.3393
781,-1,443.3,489.1,127.2,95.7,0.3380
781,-1,411.7,398.7,299.0,265.0,0.1038
782,-1,471.9,506.0,126.2,99.2,0.3629
782,-1,402.0,397.8,394.0,332.9,0.2644
783,-1,471.9,506.3,126.2,99.0,0.3556
783,-1,402.3,397.8,394.1,333.1,0.2685
784,-1,472.2,505.7,126.1,99.4,0.3534
784,-1,402.2,397.8,394.3,333.2,0.2704
785,-1,488.6,508.6,134.3,99.1,0.4874
785,-1,408.4,396.4,449.3,362.2,0.2466
785,-1,458.5,211.6,68.3,40.9,0.1733
785,-1,451.9,397.7,323.9,299.5,0.1147
785,-1,401.1,209.6,130.8,54.4,0.1029
786,-1,489.1,508.7,133.5,99.2,0.4887
786,-1,408.5,396.5,448.7,362.4,0.2488
786,-1,459.8,211.5,69.6,41.4,0.1843
786,-1,452.1,397.4,323.5,299.8,0.1104
787,-1,488.6,508.6,134.3,99.1,0.4872
787,-1,408.5,396.5,449.0,362.1,0.2446
787,-1,459.5,211.4,70.4,41.4,0.1813
787,-1,451.9,397.7,323.9,299.4,0.1150
788,-1,498.8,489.4,127.7,101.4,0.3870
788,-1,426.2,371.1,431.6,354.0,0.3432
788,-1,434.8,174.2,93.5,49.4,0.2192
788,-1,399.4,173.1,132.6,59.0,0.1114
789,-1,498.9,489.5,127.5,101.3,0.3791
789,-1,426.3,371.6,432.6,353.7,0.3423
789,-1,436.2,174.3,92.4,48.9,0.2245
789,-1,399.5,173.2,132.9,58.2,0.1124
790,-1,499.9,491.5,127.9,97.5,0.3893
790,-1,426.3,371.9,432.8,353.8,0.3390
790,-1,434.8,174.2,94.4,49.1,0.2188
790,-1,399.3,173.1,134.1,59.1,0.1048
791,-1,500.5,489.3,136.4,100.9,0.4755
791,-1,450.4,151.5,86.4,61.0,0.4441
791,-1,437.4,365.0,391.4,361.6,0.3233
791,-1,406.6,151.7,135.2,74.8,0.1905
792,-1,500.9,489.0,135.9,101.2,0.4921
792,-1,450.3,151.5,86.3,61.0,0.4523
792,-1,437.4,365.1,391.4,360.9,0.3287
792,-1,407.3,151.7,134.3,74.4,0.2116
793,-1,500.4,489.1,136.6,101.1,0.4750
793,-1,450.4,151.6,86.6,60.8,0.4544
793,-1,437.4,365.0,391.8,361.9,0.3236
793,-1,406.9,151.7,135.2,74.4,0.2013
794,-1,453.5,157.3,91.4,67.6,0.5461
794,-1,424.0,387.7,497.7,397.0,0.4808
794,-1,514.8,507.3,135.1,104.7,0.3649
794,-1,410.4,154.5,141.4,75.7,0.2450
795,-1,453.8,157.3,90.8,67.3,0.5511
795,-1,424.0,387.6,497.4,396.8,0.4790
795,-1,515.1,507.4,134.8,104.9,0.3801
795,-1,410.7,154.5,140.7,75.5,0.2585
796,-1,453.6,157.1,90.7,67.5,0.5540
796,-1,424.0,387.5,495.8,397.8,0.4838
796,-1,515.0,507.4,134.9,105.5,0.3840
796,-1,410.2,154.4,140.9,75.6,0.2736
797,-1,467.4,147.8,84.5,74.6,0.6446
797,-1,433.0,393.6,482.8,390.4,0.4438
797,-1,517.7,517.1,142.7,106.2,0.3734
798,-1,467.6,147.9,84.5,74.4,0.6446
798,-1,432.7,393.2,485.4,391.4,0.4517
798,-1,517.6,517.0,142.8,106.2,0.3767
799,-1,468.0,147.9,83.9,74.6,0.6466
799,-1,433.0,393.7,482.4,390.6,0.4480
799,-1,517.7,517.1,142.8,106.2,0.3733
800,-1,471.1,114.4,90.8,82.1,0.5403
800,-1,433.2,378.2,509.3,405.7,0.4692
800,-1,533.9,505.4,137.1,106.0,0.3609
801,-1,471.3,114.3,90.6,82.0,0.5419
801,-1,433.4,378.4,506.5,405.0,0.4721
801,-1,533.9,505.9,136.9,105.7,0.3730
802,-1,471.5,114.3,90.5,82.1,0.5452
802,-1,433.5,378.5,504.9,403.5,0.4700
802,-1,533.6,506.0,137.3,105.6,0.3749
803,-1,474.4,340.3,450.9,392.2,0.5328
803,-1,488.8,48.4,95.0,97.9,0.3903
803,-1,552.6,473.4,142.1,110.6,0.2477
804,-1,474.6,340.3,447.6,392.2,0.5322
804,-1,488.4,48.3,95.3,97.9,0.4008
804,-1,552.6,473.4,142.0,110.7,0.2515
805,-1,474.4,340.2,450.8,392.3,0.5337
805,-1,488.9,48.3,94.9,97.9,0.3938
805,-1,552.6,473.5,142.1,110.9,0.2335
806,-1,491.7,286.6,461.1,418.3,0.5524
806,-1,574.7,432.6,140.6,102.5,0.2571
807,-1,491.8,286.5,461.4,418.3,0.5527
807,-1,574.6,432.4,140.6,102.7,0.2507
808,-1,491.7,286.3,461.7,418.8,0.5528
808,-1,574.7,432.5,140.5,102.7,0.2637
809,-1,469.3,270.6,484.5,423.7,0.5592
809,-1,548.1,419.3,150.8,113.2,0.1611
810,-1,469.5,270.9,484.7,423.7,0.5587
810,-1,547.9,419.1,151.0,113.5,0.1632
811,-1,469.3,270.7,486.9,423.9,0.5603
811,-1,548.0,419.2,150.7,113.3,0.1639
812,-1,380.5,295.9,477.9,444.0,0.5897
812,-1,427.4,32.8,84.2,30.3,0.2188
812,-1,480.1,456.1,142.9,106.1,0.1228
813,-1,380.6,296.0,477.9,443.7,0.5875
813,-1,427.1,32.9,84.9,30.3,0.2153
813,-1,480.4,456.2,142.9,106.0,0.1180
814,-1,381.2,296.2,477.1,443.7,0.5840
814,-1,426.7,32.9,85.3,30.4,0.2127
814,-1,480.4,456.3,143.4,106.4,0.1158
815,-1,354.7,319.2,504.7,463.0,0.6766
815,-1,446.1,483.3,132.8,107.8,0.2081
815,-1,390.0,38.9,88.2,41.1,0.1473
815,-1,435.7,461.7,174.2,153.0,0.1013
816,-1,354.9,319.3,503.8,462.9,0.6773
816,-1,445.9,483.1,133.7,108.0,0.2054
816,-1,391.9,39.2,85.9,40.6,0.1567
816,-1,435.6,461.5,174.5,153.6,0.1031
817,-1,354.7,319.0,504.5,463.3,0.6770
817,-1,446.0,483.1,132.9,107.9,0.2110
817,-1,389.7,39.1,89.0,41.0,0.1494
817,-1,435.6,461.7,174.2,152.8,0.1025
818,-1,362.8,317.5,520.1,492.2,0.6935
818,-1,462.8,492.2,147.8,114.5,0.3041
819,-1,362.5,318.0,520.4,492.0,0.6945
819,-1,463.1,492.3,147.5,114.4,0.3247
820,-1,362.5,318.1,519.9,492.2,0.6947
820,-1,463.0,492.4,147.6,114.3,0.3188
821,-1,371.2,315.6,538.0,524.5,0.6249
821,-1,479.8,499.3,147.6,115.0,0.2183
821,-1,177.9,33.7,359.9,214.0,0.1012
822,-1,371.5,316.2,537.0,524.0,0.6289
822,-1,480.0,499.6,147.5,114.5,0.1952
823,-1,371.1,316.4,536.5,523.5,0.6289
823,-1,479.9,499.3,147.5,114.7,0.2013
823,-1,180.1,34.3,357.5,214.0,0.1000
824,-1,372.7,319.6,541.6,550.4,0.4963
824,-1,482.1,517.1,140.7,110.1,0.3027
824,-1,187.6,33.9,338.4,213.6,0.1300
824,-1,21.8,2.5,574.5,319.3,0.1069
825,-1,372.7,319.4,541.5,550.6,0.4920
825,-1,482.2,517.2,139.6,109.7,0.3142
825,-1,188.4,34.4,336.1,213.0,0.1281
825,-1,22.2,2.6,573.7,316.8,0.1073
826,-1,372.5,319.2,541.2,550.7,0.4967
826,-1,481.9,516.6,140.4,110.6,0.3157
826,-1,187.5,34.4,337.4,212.9,0.1307
826,-1,22.3,2.5,573.7,317.2,0.1105
827,-1,372.1,335.6,509.1,539.1,0.2604
827,-1,471.1,545.4,154.4,122.2,0.2237
827,-1,68.9,6.0,509.6,241.3,0.1129
828,-1,372.1,335.7,509.3,540.6,0.2610
828,-1,471.3,545.4,154.4,122.3,0.2315
828,-1,68.7,6.0,510.8,241.9,0.1105
829,-1,372.2,335.4,510.2,542.1,0.2616
829,-1,471.3,545.4,154.4,122.3,0.2322
829,-1,68.6,5.9,512.0,243.0,0.1142
830,-1,470.5,591.2,135.5,121.4,0.3965
830,-1,363.7,365.1,538.8,501.9,0.1723
830,-1,363.9,28.9,126.3,84.2,0.1685
830,-1,40.8,13.0,532.6,271.3,0.1193
831,-1,470.6,591.4,134.8,121.5,0.3963
831,-1,363.5,365.3,539.1,500.8,0.1721
831,-1,363.9,29.0,126.2,84.1,0.1678
831,-1,40.5,13.0,532.3,271.9,0.1231
832,-1,470.5,591.3,134.8,121.6,0.3970
832,-1,365.2,29.1,124.8,83.6,0.1750
832,-1,363.4,365.5,538.7,501.3,0.1685
832,-1,40.3,13.1,529.8,272.5,0.1318
833,-1,363.0,35.6,110.3,87.8,0.2888
833,-1,459.0,619.1,149.3,133.2,0.2766
833,-1,44.8,13.7,498.3,278.0,0.1486
833,-1,356.6,397.1,554.6,459.0,0.1429
834,-1,458.9,619.0,149.4,133.1,0.2810
834,-1,363.9,35.6,109.5,88.0,0.2651
834,-1,356.6,396.6,553.6,460.0,0.1445
834,-1,44.1,13.7,499.0,278.5,0.1421
835,-1,458.8,619.0,150.3,133.5,0.2921
835,-1,364.3,35.6,109.1,87.9,0.2841
835,-1,43.2,13.7,498.3,280.3,0.1528
835,-1,356.8,397.0,554.3,459.3,0.1446
836,-1,455.3,619.7,173.0,151.9,0.2253
836,-1,76.6,6.3,459.3,278.3,0.1620
837,-1,455.5,619.7,172.9,152.1,0.2172
837,-1,76.5,6.3,460.1,277.7,0.1591
838,-1,455.5,619.6,172.6,152.7,0.2212
838,-1,76.4,6.3,459.7,277.7,0.1578
839,-1,497.0,631.9,132.0,133.0,0.2924
839,-1,76.3,6.1,482.6,264.4,0.1711
840,-1,496.8,631.8,132.2,133.4,0.2931
840,-1,59.7,8.7,506.2,253.9,0.1719
841,-1,496.5,631.7,132.7,133.5,0.2930
841,-1,59.5,8.7,505.4,254.2,0.1703
842,-1,548.6,621.5,178.3,170.1,0.4111
842,-1,556.4,636.3,119.1,137.1,0.1874
842,-1,67.1,4.1,539.1,277.3,0.1538
842,-1,178.3,35.3,395.6,215.8,0.1395
843,-1,548.7,621.5,178.1,170.1,0.4145
843,-1,556.3,636.4,119.0,135.6,0.1846
843,-1,66.9,4.1,539.3,277.5,0.1550
843,-1,172.1,35.0,392.5,224.3,0.1372
844,-1,548.6,621.4,178.2,170.3,0.4135
844,-1,556.3,636.3,118.9,134.8,0.1884
844,-1,65.6,4.0,539.8,279.0,0.1561
844,-1,172.3,35.2,391.4,223.7,0.1379
845,-1,575.5,641.3,185.4,182.6,0.3450
845,-1,211.6,32.0,371.3,181.6,0.1521
845,-1,69.4,4.3,539.5,285.4,0.1328
846,-1,575.6,641.9,185.3,181.9,0.3639
846,-1,207.9,34.4,359.2,180.4,0.1510
846,-1,69.4,4.4,538.2,287.4,0.1337
847,-1,575.5,641.4,185.4,183.2,0.3413
847,-1,207.0,34.4,359.9,180.5,0.1527
847,-1,69.7,4.4,538.1,285.0,0.1334
848,-1,572.1,688.1,174.9,184.1,0.3556
848,-1,177.8,34.3,360.8,215.4,0.2323
848,-1,70.4,4.6,521.5,279.4,0.1382
849,-1,571.7,687.7,175.1,185.3,0.3414
849,-1,178.6,34.2,360.5,215.2,0.2340
849,-1,70.4,4.5,521.7,278.4,0.1387
850,-1,570.7,687.4,175.3,187.6,0.3212
850,-1,178.8,34.5,360.1,215.2,0.2320
850,-1,70.5,4.6,521.6,278.9,0.1390
851,-1,556.9,775.9,138.8,172.0,0.2954
851,-1,340.3,31.7,165.9,83.9,0.2415
851,-1,67.4,3.8,530.1,317.3,0.1463
852,-1,556.9,775.7,139.0,172.5,0.3006
852,-1,341.5,31.7,164.7,83.9,0.2432
852,-1,67.7,3.8,529.8,315.2,0.1423
853,-1,556.8,775.7,139.1,172.6,0.2967
853,-1,340.6,31.7,165.7,83.9,0.2421
853,-1,67.0,3.7,530.6,314.9,0.1459
854,-1,329.0,36.0,226.9,183.6,0.6054
854,-1,577.1,900.4,161.1,80.7,0.3575
854,-1,3.2,0.2,634.5,453.9,0.1564
855,-1,328.6,35.9,227.6,183.4,0.6045
855,-1,576.4,900.3,162.1,80.9,0.3572
855,-1,2.9,0.0,635.3,453.9,0.1593
856,-1,329.4,35.9,227.0,183.3,0.5967
856,-1,576.9,900.2,162.8,80.9,0.3593
856,-1,3.3,0.1,630.9,451.6,0.1595
857,-1,331.2,32.5,256.6,195.7,0.4710
857,-1,26.2,7.8,611.3,422.0,0.1548
857,-1,360.1,446.0,741.1,565.4,0.1255
858,-1,331.8,32.4,256.5,195.6,0.4673
858,-1,25.7,8.0,612.5,422.3,0.1502
858,-1,362.0,446.4,736.5,564.8,0.1255
859,-1,332.7,32.6,255.7,195.4,0.4660
859,-1,25.9,8.0,612.2,423.2,0.1510
859,-1,360.1,447.0,736.6,564.4,0.1372
860,-1,49.3,4.3,597.1,387.3,0.2246
860,-1,351.6,34.4,228.9,127.3,0.2198
860,-1,356.1,449.0,718.7,554.1,0.1133
860,-1,0.0,0.0,730.2,525.1,0.1081
861,-1,354.1,34.6,226.7,127.2,0.2259
861,-1,49.5,4.3,596.9,387.8,0.2206
861,-1,356.7,449.2,718.2,554.2,0.1156
861,-1,0.0,0.0,731.4,530.2,0.1090
862,-1,356.1,34.8,224.1,127.1,0.2321
862,-1,50.1,4.3,596.5,388.3,0.2145
862,-1,357.3,449.7,717.6,554.1,0.1145
862,-1,0.0,0.0,730.9,524.9,0.1088
863,-1,46.0,3.3,564.2,360.4,0.2503
864,-1,45.4,3.3,568.4,361.5,0.2526
865,-1,45.5,3.3,568.7,362.0,0.2554
867,-1,416.5,28.3,625.6,619.2,0.1004
868,-1,417.0,28.4,625.1,619.1,0.1010
